---[1]---
level:102
tile_count:23
start_index:38
direction:ccw
center_tile:[(4,1,-1),(3,0,-1),(4,1,-2),(6,1,-1),(4,2,-1),(3,2,-2),(4,3,-1),(3,3,-2),(4,3,0),(6,1,0),(4,1,1),(3,1,0),(4,0,1),(6,0,0)]
boundary:[[(4,-5,0),(3,-5,2),(4,-4,-1),(3,-4,1),(4,-3,-2),(3,-4,0),(4,-2,-3),(6,-1,-2),(4,-1,-5),(6,0,-3),(4,0,-7),(3,-3,-4),(4,1,-7),(3,-2,-4),(4,2,-7),(3,-1,-5),(4,3,-7),(6,2,-4),(4,5,-8),(6,3,-4),(4,7,-9),(3,3,-8),(4,7,-8),(3,3,-7),(4,6,-7),(6,3,-3),(4,7,-6),(3,4,-6),(4,7,-5),(3,5,-6),(4,8,-5),(6,4,-2),(4,9,-4),(3,7,-6),(4,8,-3),(3,6,-5),(4,7,-2),(6,4,-1),(4,8,-1),(3,7,-4),(4,7,0),(6,3,0),(4,5,1),(3,6,-2),(4,5,2),(6,3,1),(4,6,3),(3,7,-1),(4,5,3),(6,2,2),(4,4,5),(3,6,1),(4,3,5),(6,1,3),(4,1,6),(6,0,3),(4,-1,7),(3,2,4),(4,-2,7),(3,1,5),(4,-3,7),(3,0,5),(4,-3,6),(6,-2,3),(4,-4,5),(3,-1,4),(4,-3,4),(3,-1,3),(4,-3,3),(3,-2,3),(4,-3,2),(6,-2,1),(4,-4,1),(6,-2,0)]]
constellation:[(3,-3,-2),(3,-3,2),(3,-2,-1),(3,-2,0),(3,-1,-3),(3,-1,1),(3,0,-4),(3,0,-2),(3,0,-1),(3,0,1),(3,1,-6),(3,1,-3),(3,1,0),(3,1,2),(3,1,3),(3,2,-5),(3,2,-2),(3,2,1),(3,3,-4),(3,3,-2),(3,3,-1),(3,3,2),(3,4,-4),(3,4,0),(3,4,2),(3,5,-3),(3,5,-2),(3,5,0),(4,-3,-1),(4,-3,1),(4,-3,5),(4,-2,-1),(4,-2,3),(4,-1,-4),(4,-1,-2),(4,-1,-1),(4,-1,0),(4,-1,1),(4,-1,2),(4,-1,4),(4,-1,5),(4,0,-3),(4,0,1),(4,0,3),(4,0,5),(4,1,-6),(4,1,-5),(4,1,-4),(4,1,-2),(4,1,-1),(4,1,1),(4,1,3),(4,1,5),(4,2,-5),(4,2,-3),(4,2,-1),(4,2,1),(4,2,3),(4,3,-5),(4,3,-3),(4,3,-1),(4,3,0),(4,3,2),(4,3,3),(4,3,4),(4,4,-7),(4,4,-5),(4,4,-3),(4,4,1),(4,5,-6),(4,5,-5),(4,5,-4),(4,5,-3),(4,5,-2),(4,5,-1),(4,5,0),(4,6,-3),(4,6,-1),(4,7,-3),(6,-1,-1),(6,-1,0),(6,-1,1),(6,-1,2),(6,-1,3),(6,0,-2),(6,0,-1),(6,0,0),(6,0,1),(6,0,2),(6,1,-3),(6,1,-2),(6,1,-1),(6,1,0),(6,1,1),(6,1,2),(6,2,-3),(6,2,-2),(6,2,-1),(6,2,0),(6,2,1),(6,3,-2),(6,3,-1)]
tiles:[[(4,1,-1),(3,0,-1),(4,1,-2),(6,1,-1),(4,2,-1),(3,2,-2),(4,3,-1),(3,3,-2),(4,3,0),(6,1,0),(4,1,1),(3,1,0),(4,0,1),(6,0,0)],[(6,2,-1),(4,3,-1),(3,2,-2),(4,2,-1),(6,1,-1),(4,1,-2),(3,0,-2),(4,2,-3),(3,1,-3),(4,3,-3),(6,2,-2),(4,5,-4),(3,3,-4),(4,4,-3)],[(6,2,0),(4,3,0),(3,3,-2),(4,3,-1),(6,2,-1),(4,4,-3),(3,3,-4),(4,5,-3),(3,4,-4),(4,5,-2),(6,3,-1),(4,6,-1),(3,5,-3),(4,5,-1)],[(6,1,1),(4,1,3),(3,2,1),(4,0,3),(6,0,1),(4,-1,2),(3,0,1),(4,0,1),(3,1,0),(4,1,1),(6,1,0),(4,3,0),(3,3,-1),(4,2,1)],[(6,1,1),(4,2,1),(3,3,-1),(4,3,0),(6,2,0),(4,5,-1),(3,5,-3),(4,5,0),(3,5,-2),(4,4,1),(6,2,1),(4,3,3),(3,4,0),(4,3,2)],[(6,0,-1),(4,1,-2),(3,0,-1),(4,1,-1),(6,0,0),(4,0,1),(3,0,1),(4,-1,1),(3,-1,1),(4,-1,0),(6,-1,0),(4,-2,-1),(3,-2,0),(4,-1,-1)],[(6,1,-2),(4,2,-3),(3,0,-2),(4,1,-2),(6,0,-1),(4,-1,-1),(3,-2,0),(4,-1,-2),(3,-2,-1),(4,0,-3),(6,0,-2),(4,1,-5),(3,-1,-3),(4,1,-4)],[(6,1,2),(4,1,5),(3,3,2),(4,0,5),(6,0,2),(4,-1,4),(3,1,2),(4,0,3),(3,2,1),(4,1,3),(6,1,1),(4,3,2),(3,4,0),(4,2,3)],[(6,2,-2),(4,3,-3),(3,1,-3),(4,2,-3),(6,1,-2),(4,1,-4),(3,-1,-3),(4,2,-5),(3,0,-4),(4,3,-5),(6,2,-3),(4,5,-6),(3,2,-5),(4,4,-5)],[(6,0,1),(4,0,3),(3,1,2),(4,-1,4),(6,-1,2),(4,-3,5),(3,-1,4),(4,-3,4),(3,-1,3),(4,-2,3),(6,-1,1),(4,-1,1),(3,0,1),(4,-1,2)],[(6,-1,0),(4,-1,0),(3,-1,1),(4,-1,1),(6,-1,1),(4,-2,3),(3,-1,3),(4,-3,3),(3,-2,3),(4,-3,2),(6,-2,1),(4,-4,1),(3,-3,2),(4,-3,1)],[(6,-1,0),(4,-3,1),(3,-3,2),(4,-4,1),(6,-2,0),(4,-5,0),(3,-5,2),(4,-4,-1),(3,-4,1),(4,-3,-1),(6,-1,-1),(4,-1,-2),(3,-2,0),(4,-2,-1)],[(6,0,-2),(4,0,-3),(3,-2,-1),(4,-1,-2),(6,-1,-1),(4,-3,-1),(3,-4,1),(4,-3,-2),(3,-4,0),(4,-2,-3),(6,-1,-2),(4,-1,-5),(3,-3,-2),(4,-1,-4)],[(6,0,-2),(4,-1,-4),(3,-3,-2),(4,-1,-5),(6,0,-3),(4,0,-7),(3,-3,-4),(4,1,-7),(3,-2,-4),(4,1,-6),(6,1,-3),(4,2,-5),(3,-1,-3),(4,1,-5)],[(6,2,-3),(4,3,-5),(3,0,-4),(4,2,-5),(6,1,-3),(4,1,-6),(3,-2,-4),(4,2,-7),(3,-1,-5),(4,3,-7),(6,2,-4),(4,5,-8),(3,1,-6),(4,4,-7)],[(6,2,-3),(4,4,-7),(3,1,-6),(4,5,-8),(6,3,-4),(4,7,-9),(3,3,-8),(4,7,-8),(3,3,-7),(4,6,-7),(6,3,-3),(4,5,-5),(3,2,-5),(4,5,-6)],[(6,3,-3),(4,7,-6),(3,4,-6),(4,7,-5),(6,3,-2),(4,6,-3),(3,4,-4),(4,5,-3),(3,3,-4),(4,5,-4),(6,2,-2),(4,4,-5),(3,2,-5),(4,5,-5)],[(6,3,-2),(4,7,-5),(3,5,-6),(4,8,-5),(6,4,-2),(4,9,-4),(3,7,-6),(4,8,-3),(3,6,-5),(4,7,-3),(6,3,-1),(4,5,-2),(3,4,-4),(4,6,-3)],[(6,4,-1),(4,8,-1),(3,7,-4),(4,7,0),(6,3,0),(4,5,1),(3,5,-2),(4,5,0),(3,5,-3),(4,6,-1),(6,3,-1),(4,7,-3),(3,6,-5),(4,7,-2)],[(6,2,2),(4,3,4),(3,5,0),(4,3,3),(6,2,1),(4,4,1),(3,5,-2),(4,5,1),(3,6,-2),(4,5,2),(6,3,1),(4,6,3),(3,7,-1),(4,5,3)],[(6,1,3),(4,1,6),(3,4,2),(4,1,5),(6,1,2),(4,2,3),(3,4,0),(4,3,3),(3,5,0),(4,3,4),(6,2,2),(4,4,5),(3,6,1),(4,3,5)],[(4,-1,5),(3,1,3),(4,-1,4),(6,0,2),(4,0,5),(3,3,2),(4,1,5),(3,4,2),(4,1,6),(6,0,3),(4,-1,7),(3,2,4),(4,-2,7),(6,-1,3)],[(6,-1,2),(4,-1,4),(3,1,3),(4,-1,5),(6,-1,3),(4,-2,7),(3,1,5),(4,-3,7),(3,0,5),(4,-3,6),(6,-2,3),(4,-4,5),(3,-1,4),(4,-3,5)]]
---[2]---
level:99
tile_count:23
start_index:38
direction:ccw
center_tile:[(4,1,-1),(3,0,-1),(4,1,-2),(6,1,-1),(4,2,-1),(3,2,-2),(4,3,-1),(3,3,-2),(4,3,0),(6,1,0),(4,1,1),(3,1,0),(4,0,1),(6,0,0)]
boundary:[[(4,-5,2),(3,-4,3),(4,-4,1),(3,-3,2),(4,-3,0),(6,-2,0),(4,-4,-1),(3,-4,1),(4,-3,-2),(3,-4,0),(4,-3,-3),(6,-1,-2),(4,-2,-5),(3,-4,-2),(4,-1,-5),(3,-3,-2),(4,0,-5),(6,0,-3),(4,1,-7),(3,-2,-4),(4,2,-7),(3,-1,-5),(4,3,-8),(6,2,-4),(4,5,-9),(3,1,-7),(4,5,-8),(6,3,-4),(4,7,-9),(3,3,-8),(4,7,-8),(3,3,-7),(4,6,-7),(6,3,-3),(4,7,-6),(3,4,-6),(4,7,-5),(3,5,-6),(4,8,-5),(6,4,-2),(4,9,-4),(3,7,-6),(4,8,-3),(3,6,-5),(4,7,-2),(6,4,-1),(4,8,-1),(3,7,-4),(4,7,0),(3,7,-3),(4,7,1),(6,3,1),(4,6,3),(3,7,-1),(4,5,3),(6,2,2),(4,4,5),(3,6,1),(4,3,5),(3,5,1),(4,2,5),(6,1,3),(4,1,7),(3,4,3),(4,0,7),(6,0,3),(4,-1,6),(6,-1,3),(4,-3,7),(3,0,5),(4,-3,6),(3,0,4),(4,-2,5),(6,-1,2),(4,-3,4),(3,-1,3),(4,-3,3),(3,-2,3),(4,-4,3),(6,-2,1)]]
constellation:[(3,-2,-1),(3,-2,0),(3,-1,-3),(3,-1,1),(3,0,-4),(3,0,-2),(3,0,-1),(3,0,1),(3,1,-6),(3,1,-3),(3,1,0),(3,1,2),(3,2,-5),(3,2,-2),(3,2,1),(3,2,3),(3,3,-4),(3,3,-2),(3,3,-1),(3,3,2),(3,4,-4),(3,4,0),(3,5,-3),(3,5,-2),(3,6,-1),(4,-3,1),(4,-2,-1),(4,-2,1),(4,-1,-4),(4,-1,-3),(4,-1,-2),(4,-1,-1),(4,-1,0),(4,-1,1),(4,-1,2),(4,-1,3),(4,-1,4),(4,0,-3),(4,0,1),(4,0,3),(4,0,5),(4,1,-5),(4,1,-4),(4,1,-2),(4,1,-1),(4,1,1),(4,1,3),(4,1,5),(4,2,-5),(4,2,-3),(4,2,-1),(4,2,1),(4,2,3),(4,3,-6),(4,3,-5),(4,3,-3),(4,3,-1),(4,3,0),(4,3,2),(4,3,3),(4,3,4),(4,4,-7),(4,4,-5),(4,4,-3),(4,4,1),(4,5,-6),(4,5,-5),(4,5,-4),(4,5,-3),(4,5,-2),(4,5,-1),(4,5,0),(4,5,1),(4,5,2),(4,6,-3),(4,6,-1),(4,7,-3),(6,-1,-1),(6,-1,0),(6,-1,1),(6,0,-2),(6,0,-1),(6,0,0),(6,0,1),(6,0,2),(6,1,-3),(6,1,-2),(6,1,-1),(6,1,0),(6,1,1),(6,1,2),(6,2,-3),(6,2,-2),(6,2,-1),(6,2,0),(6,2,1),(6,3,-2),(6,3,-1),(6,3,0)]
tiles:[[(4,1,-1),(3,0,-1),(4,1,-2),(6,1,-1),(4,2,-1),(3,2,-2),(4,3,-1),(3,3,-2),(4,3,0),(6,1,0),(4,1,1),(3,1,0),(4,0,1),(6,0,0)],[(6,2,-1),(4,3,-1),(3,2,-2),(4,2,-1),(6,1,-1),(4,1,-2),(3,0,-2),(4,2,-3),(3,1,-3),(4,3,-3),(6,2,-2),(4,5,-4),(3,3,-4),(4,4,-3)],[(6,2,0),(4,3,0),(3,3,-2),(4,3,-1),(6,2,-1),(4,4,-3),(3,3,-4),(4,5,-3),(3,4,-4),(4,5,-2),(6,3,-1),(4,6,-1),(3,5,-3),(4,5,-1)],[(6,1,1),(4,1,3),(3,2,1),(4,0,3),(6,0,1),(4,-1,2),(3,0,1),(4,0,1),(3,1,0),(4,1,1),(6,1,0),(4,3,0),(3,3,-1),(4,2,1)],[(6,1,1),(4,2,1),(3,3,-1),(4,3,0),(6,2,0),(4,5,-1),(3,5,-3),(4,5,0),(3,5,-2),(4,4,1),(6,2,1),(4,3,3),(3,4,0),(4,3,2)],[(6,0,-1),(4,1,-2),(3,0,-1),(4,1,-1),(6,0,0),(4,0,1),(3,0,1),(4,-1,1),(3,-1,1),(4,-1,0),(6,-1,0),(4,-2,-1),(3,-2,0),(4,-1,-1)],[(6,1,-2),(4,2,-3),(3,0,-2),(4,1,-2),(6,0,-1),(4,-1,-1),(3,-2,0),(4,-1,-2),(3,-2,-1),(4,0,-3),(6,0,-2),(4,1,-5),(3,-1,-3),(4,1,-4)],[(6,1,2),(4,1,5),(3,3,2),(4,0,5),(6,0,2),(4,-1,4),(3,1,2),(4,0,3),(3,2,1),(4,1,3),(6,1,1),(4,3,2),(3,4,0),(4,2,3)],[(6,2,-2),(4,3,-3),(3,1,-3),(4,2,-3),(6,1,-2),(4,1,-4),(3,-1,-3),(4,2,-5),(3,0,-4),(4,3,-5),(6,2,-3),(4,5,-6),(3,2,-5),(4,4,-5)],[(6,-1,2),(4,-3,4),(3,-1,3),(4,-3,3),(6,-1,1),(4,-2,1),(3,-1,1),(4,-1,1),(3,0,1),(4,-1,2),(6,0,1),(4,0,3),(3,1,2),(4,-1,3)],[(6,-1,1),(4,-3,3),(3,-2,3),(4,-4,3),(6,-2,1),(4,-5,2),(3,-4,3),(4,-4,1),(3,-3,2),(4,-3,1),(6,-1,0),(4,-1,0),(3,-1,1),(4,-2,1)],[(6,-2,0),(4,-4,-1),(3,-4,1),(4,-3,-2),(6,-1,-1),(4,-1,-3),(3,-2,-1),(4,-1,-2),(3,-2,0),(4,-2,-1),(6,-1,0),(4,-3,1),(3,-3,2),(4,-3,0)],[(6,-1,-1),(4,-3,-2),(3,-4,0),(4,-3,-3),(6,-1,-2),(4,-2,-5),(3,-4,-2),(4,-1,-5),(3,-3,-2),(4,-1,-4),(6,0,-2),(4,0,-3),(3,-2,-1),(4,-1,-3)],[(6,0,-3),(4,1,-7),(3,-2,-4),(4,2,-7),(6,1,-3),(4,3,-6),(3,0,-4),(4,2,-5),(3,-1,-3),(4,1,-5),(6,0,-2),(4,-1,-4),(3,-3,-2),(4,0,-5)],[(6,1,-3),(4,2,-7),(3,-1,-5),(4,3,-8),(6,2,-4),(4,5,-9),(3,1,-7),(4,5,-8),(3,1,-6),(4,4,-7),(6,2,-3),(4,3,-5),(3,0,-4),(4,3,-6)],[(6,2,-3),(4,4,-7),(3,1,-6),(4,5,-8),(6,3,-4),(4,7,-9),(3,3,-8),(4,7,-8),(3,3,-7),(4,6,-7),(6,3,-3),(4,5,-5),(3,2,-5),(4,5,-6)],[(6,3,-3),(4,7,-6),(3,4,-6),(4,7,-5),(6,3,-2),(4,6,-3),(3,4,-4),(4,5,-3),(3,3,-4),(4,5,-4),(6,2,-2),(4,4,-5),(3,2,-5),(4,5,-5)],[(6,3,-2),(4,7,-5),(3,5,-6),(4,8,-5),(6,4,-2),(4,9,-4),(3,7,-6),(4,8,-3),(3,6,-5),(4,7,-3),(6,3,-1),(4,5,-2),(3,4,-4),(4,6,-3)],[(6,4,-1),(4,8,-1),(3,7,-4),(4,7,0),(6,3,0),(4,5,1),(3,5,-2),(4,5,0),(3,5,-3),(4,6,-1),(6,3,-1),(4,7,-3),(3,6,-5),(4,7,-2)],[(6,3,0),(4,7,0),(3,7,-3),(4,7,1),(6,3,1),(4,6,3),(3,7,-1),(4,5,3),(3,6,-1),(4,5,2),(6,2,1),(4,4,1),(3,5,-2),(4,5,1)],[(6,2,1),(4,5,2),(3,6,-1),(4,5,3),(6,2,2),(4,4,5),(3,6,1),(4,3,5),(3,5,1),(4,3,4),(6,1,2),(4,2,3),(3,4,0),(4,3,3)],[(6,1,3),(4,1,7),(3,4,3),(4,0,7),(6,0,3),(4,-1,6),(3,2,3),(4,0,5),(3,3,2),(4,1,5),(6,1,2),(4,3,4),(3,5,1),(4,2,5)],[(6,0,2),(4,0,5),(3,2,3),(4,-1,6),(6,-1,3),(4,-3,7),(3,0,5),(4,-3,6),(3,0,4),(4,-2,5),(6,-1,2),(4,-1,3),(3,1,2),(4,-1,4)]]
---[3]---
level:103
tile_count:24
start_index:38
direction:ccw
center_tile:[(4,1,-1),(3,0,-1),(4,1,-2),(6,1,-1),(4,2,-1),(3,2,-2),(4,3,-1),(3,3,-2),(4,3,0),(6,1,0),(4,1,1),(3,1,0),(4,0,1),(6,0,0)]
boundary:[[(4,-5,2),(3,-4,3),(4,-4,1),(3,-3,2),(4,-3,0),(6,-2,0),(4,-4,-1),(3,-4,1),(4,-3,-2),(3,-4,0),(4,-3,-3),(6,-1,-2),(4,-2,-5),(3,-4,-2),(4,-1,-5),(3,-3,-2),(4,0,-5),(6,0,-3),(4,1,-7),(3,-2,-4),(4,2,-7),(3,-1,-5),(4,3,-8),(6,2,-4),(4,5,-9),(3,1,-7),(4,5,-8),(6,3,-4),(4,7,-9),(3,3,-8),(4,7,-8),(3,3,-7),(4,6,-7),(6,3,-3),(4,7,-6),(3,4,-6),(4,7,-5),(3,5,-6),(4,8,-5),(6,4,-2),(4,9,-4),(3,7,-6),(4,8,-3),(3,6,-5),(4,7,-2),(6,4,-1),(4,8,-1),(3,7,-4),(4,7,0),(3,7,-3),(4,7,1),(6,3,1),(4,6,3),(3,7,-1),(4,5,3),(6,2,2),(4,4,5),(3,6,1),(4,3,5),(6,1,3),(4,2,7),(3,5,3),(4,1,7),(6,0,4),(4,-1,8),(3,3,5),(4,-2,9),(6,-1,4),(4,-1,7),(3,2,4),(4,-1,6),(6,-1,3),(4,-3,7),(3,0,5),(4,-3,6),(3,0,4),(4,-2,5),(6,-1,2),(4,-3,4),(3,-1,3),(4,-3,3),(3,-2,3),(4,-4,3),(6,-2,1)]]
constellation:[(3,-2,-1),(3,-2,0),(3,-1,-3),(3,-1,1),(3,0,-4),(3,0,-2),(3,0,-1),(3,0,1),(3,1,-6),(3,1,-3),(3,1,0),(3,1,2),(3,2,-5),(3,2,-2),(3,2,1),(3,2,3),(3,3,-4),(3,3,-2),(3,3,-1),(3,3,2),(3,4,-4),(3,4,0),(3,4,3),(3,5,-3),(3,5,-2),(3,5,1),(3,6,-1),(4,-3,1),(4,-2,-1),(4,-2,1),(4,-1,-4),(4,-1,-3),(4,-1,-2),(4,-1,-1),(4,-1,0),(4,-1,1),(4,-1,2),(4,-1,3),(4,-1,4),(4,0,-3),(4,0,1),(4,0,3),(4,0,5),(4,1,-5),(4,1,-4),(4,1,-2),(4,1,-1),(4,1,1),(4,1,3),(4,1,5),(4,1,6),(4,2,-5),(4,2,-3),(4,2,-1),(4,2,1),(4,2,3),(4,3,-6),(4,3,-5),(4,3,-3),(4,3,-1),(4,3,0),(4,3,2),(4,3,3),(4,3,4),(4,4,-7),(4,4,-5),(4,4,-3),(4,4,1),(4,5,-6),(4,5,-5),(4,5,-4),(4,5,-3),(4,5,-2),(4,5,-1),(4,5,0),(4,5,1),(4,5,2),(4,6,-3),(4,6,-1),(4,7,-3),(6,-1,-1),(6,-1,0),(6,-1,1),(6,0,-2),(6,0,-1),(6,0,0),(6,0,1),(6,0,2),(6,0,3),(6,1,-3),(6,1,-2),(6,1,-1),(6,1,0),(6,1,1),(6,1,2),(6,2,-3),(6,2,-2),(6,2,-1),(6,2,0),(6,2,1),(6,3,-2),(6,3,-1),(6,3,0)]
tiles:[[(4,1,-1),(3,0,-1),(4,1,-2),(6,1,-1),(4,2,-1),(3,2,-2),(4,3,-1),(3,3,-2),(4,3,0),(6,1,0),(4,1,1),(3,1,0),(4,0,1),(6,0,0)],[(6,2,-1),(4,3,-1),(3,2,-2),(4,2,-1),(6,1,-1),(4,1,-2),(3,0,-2),(4,2,-3),(3,1,-3),(4,3,-3),(6,2,-2),(4,5,-4),(3,3,-4),(4,4,-3)],[(6,2,0),(4,3,0),(3,3,-2),(4,3,-1),(6,2,-1),(4,4,-3),(3,3,-4),(4,5,-3),(3,4,-4),(4,5,-2),(6,3,-1),(4,6,-1),(3,5,-3),(4,5,-1)],[(6,1,1),(4,1,3),(3,2,1),(4,0,3),(6,0,1),(4,-1,2),(3,0,1),(4,0,1),(3,1,0),(4,1,1),(6,1,0),(4,3,0),(3,3,-1),(4,2,1)],[(6,1,1),(4,2,1),(3,3,-1),(4,3,0),(6,2,0),(4,5,-1),(3,5,-3),(4,5,0),(3,5,-2),(4,4,1),(6,2,1),(4,3,3),(3,4,0),(4,3,2)],[(6,0,-1),(4,1,-2),(3,0,-1),(4,1,-1),(6,0,0),(4,0,1),(3,0,1),(4,-1,1),(3,-1,1),(4,-1,0),(6,-1,0),(4,-2,-1),(3,-2,0),(4,-1,-1)],[(6,1,-2),(4,2,-3),(3,0,-2),(4,1,-2),(6,0,-1),(4,-1,-1),(3,-2,0),(4,-1,-2),(3,-2,-1),(4,0,-3),(6,0,-2),(4,1,-5),(3,-1,-3),(4,1,-4)],[(6,1,2),(4,1,5),(3,3,2),(4,0,5),(6,0,2),(4,-1,4),(3,1,2),(4,0,3),(3,2,1),(4,1,3),(6,1,1),(4,3,2),(3,4,0),(4,2,3)],[(6,2,-2),(4,3,-3),(3,1,-3),(4,2,-3),(6,1,-2),(4,1,-4),(3,-1,-3),(4,2,-5),(3,0,-4),(4,3,-5),(6,2,-3),(4,5,-6),(3,2,-5),(4,4,-5)],[(6,-1,2),(4,-3,4),(3,-1,3),(4,-3,3),(6,-1,1),(4,-2,1),(3,-1,1),(4,-1,1),(3,0,1),(4,-1,2),(6,0,1),(4,0,3),(3,1,2),(4,-1,3)],[(6,-1,1),(4,-3,3),(3,-2,3),(4,-4,3),(6,-2,1),(4,-5,2),(3,-4,3),(4,-4,1),(3,-3,2),(4,-3,1),(6,-1,0),(4,-1,0),(3,-1,1),(4,-2,1)],[(6,-2,0),(4,-4,-1),(3,-4,1),(4,-3,-2),(6,-1,-1),(4,-1,-3),(3,-2,-1),(4,-1,-2),(3,-2,0),(4,-2,-1),(6,-1,0),(4,-3,1),(3,-3,2),(4,-3,0)],[(6,-1,-1),(4,-3,-2),(3,-4,0),(4,-3,-3),(6,-1,-2),(4,-2,-5),(3,-4,-2),(4,-1,-5),(3,-3,-2),(4,-1,-4),(6,0,-2),(4,0,-3),(3,-2,-1),(4,-1,-3)],[(6,0,-3),(4,1,-7),(3,-2,-4),(4,2,-7),(6,1,-3),(4,3,-6),(3,0,-4),(4,2,-5),(3,-1,-3),(4,1,-5),(6,0,-2),(4,-1,-4),(3,-3,-2),(4,0,-5)],[(6,1,-3),(4,2,-7),(3,-1,-5),(4,3,-8),(6,2,-4),(4,5,-9),(3,1,-7),(4,5,-8),(3,1,-6),(4,4,-7),(6,2,-3),(4,3,-5),(3,0,-4),(4,3,-6)],[(6,2,-3),(4,4,-7),(3,1,-6),(4,5,-8),(6,3,-4),(4,7,-9),(3,3,-8),(4,7,-8),(3,3,-7),(4,6,-7),(6,3,-3),(4,5,-5),(3,2,-5),(4,5,-6)],[(6,3,-3),(4,7,-6),(3,4,-6),(4,7,-5),(6,3,-2),(4,6,-3),(3,4,-4),(4,5,-3),(3,3,-4),(4,5,-4),(6,2,-2),(4,4,-5),(3,2,-5),(4,5,-5)],[(6,3,-2),(4,7,-5),(3,5,-6),(4,8,-5),(6,4,-2),(4,9,-4),(3,7,-6),(4,8,-3),(3,6,-5),(4,7,-3),(6,3,-1),(4,5,-2),(3,4,-4),(4,6,-3)],[(6,4,-1),(4,8,-1),(3,7,-4),(4,7,0),(6,3,0),(4,5,1),(3,5,-2),(4,5,0),(3,5,-3),(4,6,-1),(6,3,-1),(4,7,-3),(3,6,-5),(4,7,-2)],[(6,3,0),(4,7,0),(3,7,-3),(4,7,1),(6,3,1),(4,6,3),(3,7,-1),(4,5,3),(3,6,-1),(4,5,2),(6,2,1),(4,4,1),(3,5,-2),(4,5,1)],[(6,2,1),(4,5,2),(3,6,-1),(4,5,3),(6,2,2),(4,4,5),(3,6,1),(4,3,5),(3,5,1),(4,3,4),(6,1,2),(4,2,3),(3,4,0),(4,3,3)],[(6,1,2),(4,3,4),(3,5,1),(4,3,5),(6,1,3),(4,2,7),(3,5,3),(4,1,7),(3,4,3),(4,1,6),(6,0,3),(4,0,5),(3,3,2),(4,1,5)],[(4,-1,8),(3,3,5),(4,-2,9),(6,-1,4),(4,-1,7),(3,2,4),(4,-1,6),(3,2,3),(4,0,5),(6,0,3),(4,1,6),(3,4,3),(4,1,7),(6,0,4)],[(6,0,2),(4,0,5),(3,2,3),(4,-1,6),(6,-1,3),(4,-3,7),(3,0,5),(4,-3,6),(3,0,4),(4,-2,5),(6,-1,2),(4,-1,3),(3,1,2),(4,-1,4)]]
---[4]---
level:103
tile_count:24
start_index:38
direction:ccw
center_tile:[(4,1,-1),(3,0,-1),(4,1,-2),(6,1,-1),(4,2,-1),(3,2,-2),(4,3,-1),(3,3,-2),(4,3,0),(6,1,0),(4,1,1),(3,1,0),(4,0,1),(6,0,0)]
boundary:[[(4,-5,2),(3,-4,3),(4,-4,1),(3,-3,2),(4,-3,0),(6,-2,0),(4,-4,-1),(3,-4,1),(4,-3,-2),(3,-4,0),(4,-3,-3),(6,-1,-2),(4,-2,-5),(3,-4,-2),(4,-1,-5),(3,-3,-2),(4,0,-5),(6,0,-3),(4,1,-7),(3,-2,-4),(4,2,-7),(3,-1,-5),(4,3,-8),(6,2,-4),(4,5,-9),(3,1,-7),(4,5,-8),(6,3,-4),(4,7,-9),(3,3,-8),(4,7,-8),(3,3,-7),(4,6,-7),(6,3,-3),(4,7,-6),(3,4,-6),(4,7,-5),(3,5,-6),(4,8,-5),(6,4,-2),(4,9,-4),(3,7,-6),(4,8,-3),(3,6,-5),(4,7,-2),(6,4,-1),(4,8,-1),(3,7,-4),(4,7,0),(6,3,0),(4,5,1),(3,6,-2),(4,5,2),(6,3,1),(4,6,3),(3,7,-1),(4,5,3),(6,2,2),(4,4,5),(3,6,1),(4,3,5),(6,1,3),(4,1,6),(3,4,3),(4,0,7),(6,0,4),(4,-1,9),(3,3,5),(4,-1,8),(6,-1,4),(4,-2,7),(3,1,5),(4,-3,7),(3,0,5),(4,-3,6),(6,-2,3),(4,-4,5),(3,-1,4),(4,-3,4),(3,-1,3),(4,-3,3),(3,-2,3),(4,-4,3),(6,-2,1)]]
constellation:[(3,-2,-1),(3,-2,0),(3,-1,-3),(3,-1,1),(3,0,-4),(3,0,-2),(3,0,-1),(3,0,1),(3,1,-6),(3,1,-3),(3,1,0),(3,1,2),(3,1,3),(3,2,-5),(3,2,-2),(3,2,1),(3,2,4),(3,3,-4),(3,3,-2),(3,3,-1),(3,3,2),(3,4,-4),(3,4,0),(3,4,2),(3,5,-3),(3,5,-2),(3,5,0),(4,-3,1),(4,-2,-1),(4,-2,1),(4,-2,5),(4,-1,-4),(4,-1,-3),(4,-1,-2),(4,-1,-1),(4,-1,0),(4,-1,1),(4,-1,2),(4,-1,3),(4,-1,4),(4,-1,6),(4,0,-3),(4,0,1),(4,0,3),(4,0,5),(4,1,-5),(4,1,-4),(4,1,-2),(4,1,-1),(4,1,1),(4,1,3),(4,1,5),(4,2,-5),(4,2,-3),(4,2,-1),(4,2,1),(4,2,3),(4,3,-6),(4,3,-5),(4,3,-3),(4,3,-1),(4,3,0),(4,3,2),(4,3,3),(4,3,4),(4,4,-7),(4,4,-5),(4,4,-3),(4,4,1),(4,5,-6),(4,5,-5),(4,5,-4),(4,5,-3),(4,5,-2),(4,5,-1),(4,5,0),(4,6,-3),(4,6,-1),(4,7,-3),(6,-1,-1),(6,-1,0),(6,-1,1),(6,-1,2),(6,-1,3),(6,0,-2),(6,0,-1),(6,0,0),(6,0,1),(6,0,2),(6,0,3),(6,1,-3),(6,1,-2),(6,1,-1),(6,1,0),(6,1,1),(6,1,2),(6,2,-3),(6,2,-2),(6,2,-1),(6,2,0),(6,2,1),(6,3,-2),(6,3,-1)]
tiles:[[(4,1,-1),(3,0,-1),(4,1,-2),(6,1,-1),(4,2,-1),(3,2,-2),(4,3,-1),(3,3,-2),(4,3,0),(6,1,0),(4,1,1),(3,1,0),(4,0,1),(6,0,0)],[(6,2,-1),(4,3,-1),(3,2,-2),(4,2,-1),(6,1,-1),(4,1,-2),(3,0,-2),(4,2,-3),(3,1,-3),(4,3,-3),(6,2,-2),(4,5,-4),(3,3,-4),(4,4,-3)],[(6,2,0),(4,3,0),(3,3,-2),(4,3,-1),(6,2,-1),(4,4,-3),(3,3,-4),(4,5,-3),(3,4,-4),(4,5,-2),(6,3,-1),(4,6,-1),(3,5,-3),(4,5,-1)],[(6,1,1),(4,1,3),(3,2,1),(4,0,3),(6,0,1),(4,-1,2),(3,0,1),(4,0,1),(3,1,0),(4,1,1),(6,1,0),(4,3,0),(3,3,-1),(4,2,1)],[(6,1,1),(4,2,1),(3,3,-1),(4,3,0),(6,2,0),(4,5,-1),(3,5,-3),(4,5,0),(3,5,-2),(4,4,1),(6,2,1),(4,3,3),(3,4,0),(4,3,2)],[(6,0,-1),(4,1,-2),(3,0,-1),(4,1,-1),(6,0,0),(4,0,1),(3,0,1),(4,-1,1),(3,-1,1),(4,-1,0),(6,-1,0),(4,-2,-1),(3,-2,0),(4,-1,-1)],[(6,1,-2),(4,2,-3),(3,0,-2),(4,1,-2),(6,0,-1),(4,-1,-1),(3,-2,0),(4,-1,-2),(3,-2,-1),(4,0,-3),(6,0,-2),(4,1,-5),(3,-1,-3),(4,1,-4)],[(6,1,2),(4,1,5),(3,3,2),(4,0,5),(6,0,2),(4,-1,4),(3,1,2),(4,0,3),(3,2,1),(4,1,3),(6,1,1),(4,3,2),(3,4,0),(4,2,3)],[(6,2,-2),(4,3,-3),(3,1,-3),(4,2,-3),(6,1,-2),(4,1,-4),(3,-1,-3),(4,2,-5),(3,0,-4),(4,3,-5),(6,2,-3),(4,5,-6),(3,2,-5),(4,4,-5)],[(6,-1,2),(4,-3,4),(3,-1,3),(4,-3,3),(6,-1,1),(4,-2,1),(3,-1,1),(4,-1,1),(3,0,1),(4,-1,2),(6,0,1),(4,0,3),(3,1,2),(4,-1,3)],[(6,-1,1),(4,-3,3),(3,-2,3),(4,-4,3),(6,-2,1),(4,-5,2),(3,-4,3),(4,-4,1),(3,-3,2),(4,-3,1),(6,-1,0),(4,-1,0),(3,-1,1),(4,-2,1)],[(6,-2,0),(4,-4,-1),(3,-4,1),(4,-3,-2),(6,-1,-1),(4,-1,-3),(3,-2,-1),(4,-1,-2),(3,-2,0),(4,-2,-1),(6,-1,0),(4,-3,1),(3,-3,2),(4,-3,0)],[(6,-1,-1),(4,-3,-2),(3,-4,0),(4,-3,-3),(6,-1,-2),(4,-2,-5),(3,-4,-2),(4,-1,-5),(3,-3,-2),(4,-1,-4),(6,0,-2),(4,0,-3),(3,-2,-1),(4,-1,-3)],[(6,0,-3),(4,1,-7),(3,-2,-4),(4,2,-7),(6,1,-3),(4,3,-6),(3,0,-4),(4,2,-5),(3,-1,-3),(4,1,-5),(6,0,-2),(4,-1,-4),(3,-3,-2),(4,0,-5)],[(6,1,-3),(4,2,-7),(3,-1,-5),(4,3,-8),(6,2,-4),(4,5,-9),(3,1,-7),(4,5,-8),(3,1,-6),(4,4,-7),(6,2,-3),(4,3,-5),(3,0,-4),(4,3,-6)],[(6,2,-3),(4,4,-7),(3,1,-6),(4,5,-8),(6,3,-4),(4,7,-9),(3,3,-8),(4,7,-8),(3,3,-7),(4,6,-7),(6,3,-3),(4,5,-5),(3,2,-5),(4,5,-6)],[(6,3,-3),(4,7,-6),(3,4,-6),(4,7,-5),(6,3,-2),(4,6,-3),(3,4,-4),(4,5,-3),(3,3,-4),(4,5,-4),(6,2,-2),(4,4,-5),(3,2,-5),(4,5,-5)],[(6,3,-2),(4,7,-5),(3,5,-6),(4,8,-5),(6,4,-2),(4,9,-4),(3,7,-6),(4,8,-3),(3,6,-5),(4,7,-3),(6,3,-1),(4,5,-2),(3,4,-4),(4,6,-3)],[(6,4,-1),(4,8,-1),(3,7,-4),(4,7,0),(6,3,0),(4,5,1),(3,5,-2),(4,5,0),(3,5,-3),(4,6,-1),(6,3,-1),(4,7,-3),(3,6,-5),(4,7,-2)],[(6,2,2),(4,3,4),(3,5,0),(4,3,3),(6,2,1),(4,4,1),(3,5,-2),(4,5,1),(3,6,-2),(4,5,2),(6,3,1),(4,6,3),(3,7,-1),(4,5,3)],[(6,1,3),(4,1,6),(3,4,2),(4,1,5),(6,1,2),(4,2,3),(3,4,0),(4,3,3),(3,5,0),(4,3,4),(6,2,2),(4,4,5),(3,6,1),(4,3,5)],[(6,-1,4),(4,-2,7),(3,2,4),(4,-1,6),(6,0,3),(4,1,5),(3,4,2),(4,1,6),(3,4,3),(4,0,7),(6,0,4),(4,-1,9),(3,3,5),(4,-1,8)],[(4,0,5),(3,3,2),(4,1,5),(6,0,3),(4,-1,6),(3,2,4),(4,-2,7),(3,1,5),(4,-3,7),(6,-1,3),(4,-2,5),(3,1,3),(4,-1,4),(6,0,2)],[(6,-2,3),(4,-4,5),(3,-1,4),(4,-3,4),(6,-1,2),(4,-1,3),(3,1,2),(4,-1,4),(3,1,3),(4,-2,5),(6,-1,3),(4,-3,7),(3,0,5),(4,-3,6)]]
---[5]---
level:103
tile_count:24
start_index:38
direction:ccw
center_tile:[(4,1,-1),(3,0,-1),(4,1,-2),(6,1,-1),(4,2,-1),(3,2,-2),(4,3,-1),(3,3,-2),(4,3,0),(6,1,0),(4,1,1),(3,1,0),(4,0,1),(6,0,0)]
boundary:[[(4,-5,2),(3,-4,3),(4,-4,1),(3,-3,2),(4,-3,0),(6,-2,0),(4,-4,-1),(3,-4,1),(4,-3,-2),(3,-4,0),(4,-3,-3),(6,-1,-2),(4,-2,-5),(3,-4,-2),(4,-1,-5),(3,-3,-2),(4,0,-5),(6,0,-3),(4,1,-7),(3,-2,-4),(4,2,-7),(3,-1,-5),(4,3,-8),(6,2,-4),(4,5,-9),(3,1,-7),(4,5,-8),(6,3,-4),(4,7,-9),(3,3,-8),(4,7,-8),(3,3,-7),(4,6,-7),(6,3,-3),(4,7,-6),(3,4,-6),(4,7,-5),(3,5,-6),(4,8,-5),(6,4,-2),(4,9,-4),(3,7,-6),(4,8,-3),(3,6,-5),(4,7,-2),(6,4,-1),(4,8,-1),(3,7,-4),(4,7,0),(6,3,0),(4,5,1),(3,6,-2),(4,5,2),(6,3,1),(4,6,3),(3,7,-1),(4,5,3),(6,2,2),(4,4,5),(3,6,1),(4,3,5),(6,1,3),(4,2,7),(3,5,3),(4,1,7),(6,0,4),(4,-1,8),(3,3,5),(4,-2,9),(6,-1,4),(4,-3,8),(3,1,5),(4,-3,7),(3,0,5),(4,-3,6),(3,0,4),(4,-2,5),(6,-1,2),(4,-3,4),(3,-1,3),(4,-3,3),(3,-2,3),(4,-4,3),(6,-2,1)]]
constellation:[(3,-2,-1),(3,-2,0),(3,-1,-3),(3,-1,1),(3,0,-4),(3,0,-2),(3,0,-1),(3,0,1),(3,1,-6),(3,1,-3),(3,1,0),(3,1,2),(3,2,-5),(3,2,-2),(3,2,1),(3,2,3),(3,3,-4),(3,3,-2),(3,3,-1),(3,3,2),(3,3,4),(3,4,-4),(3,4,0),(3,4,2),(3,5,-3),(3,5,-2),(3,5,0),(4,-3,1),(4,-2,-1),(4,-2,1),(4,-1,-4),(4,-1,-3),(4,-1,-2),(4,-1,-1),(4,-1,0),(4,-1,1),(4,-1,2),(4,-1,3),(4,-1,4),(4,-1,6),(4,-1,7),(4,0,-3),(4,0,1),(4,0,3),(4,0,5),(4,1,-5),(4,1,-4),(4,1,-2),(4,1,-1),(4,1,1),(4,1,3),(4,1,5),(4,1,6),(4,2,-5),(4,2,-3),(4,2,-1),(4,2,1),(4,2,3),(4,3,-6),(4,3,-5),(4,3,-3),(4,3,-1),(4,3,0),(4,3,2),(4,3,3),(4,3,4),(4,4,-7),(4,4,-5),(4,4,-3),(4,4,1),(4,5,-6),(4,5,-5),(4,5,-4),(4,5,-3),(4,5,-2),(4,5,-1),(4,5,0),(4,6,-3),(4,6,-1),(4,7,-3),(6,-1,-1),(6,-1,0),(6,-1,1),(6,-1,3),(6,0,-2),(6,0,-1),(6,0,0),(6,0,1),(6,0,2),(6,0,3),(6,1,-3),(6,1,-2),(6,1,-1),(6,1,0),(6,1,1),(6,1,2),(6,2,-3),(6,2,-2),(6,2,-1),(6,2,0),(6,2,1),(6,3,-2),(6,3,-1)]
tiles:[[(4,1,-1),(3,0,-1),(4,1,-2),(6,1,-1),(4,2,-1),(3,2,-2),(4,3,-1),(3,3,-2),(4,3,0),(6,1,0),(4,1,1),(3,1,0),(4,0,1),(6,0,0)],[(6,2,-1),(4,3,-1),(3,2,-2),(4,2,-1),(6,1,-1),(4,1,-2),(3,0,-2),(4,2,-3),(3,1,-3),(4,3,-3),(6,2,-2),(4,5,-4),(3,3,-4),(4,4,-3)],[(6,2,0),(4,3,0),(3,3,-2),(4,3,-1),(6,2,-1),(4,4,-3),(3,3,-4),(4,5,-3),(3,4,-4),(4,5,-2),(6,3,-1),(4,6,-1),(3,5,-3),(4,5,-1)],[(6,1,1),(4,1,3),(3,2,1),(4,0,3),(6,0,1),(4,-1,2),(3,0,1),(4,0,1),(3,1,0),(4,1,1),(6,1,0),(4,3,0),(3,3,-1),(4,2,1)],[(6,1,1),(4,2,1),(3,3,-1),(4,3,0),(6,2,0),(4,5,-1),(3,5,-3),(4,5,0),(3,5,-2),(4,4,1),(6,2,1),(4,3,3),(3,4,0),(4,3,2)],[(6,0,-1),(4,1,-2),(3,0,-1),(4,1,-1),(6,0,0),(4,0,1),(3,0,1),(4,-1,1),(3,-1,1),(4,-1,0),(6,-1,0),(4,-2,-1),(3,-2,0),(4,-1,-1)],[(6,1,-2),(4,2,-3),(3,0,-2),(4,1,-2),(6,0,-1),(4,-1,-1),(3,-2,0),(4,-1,-2),(3,-2,-1),(4,0,-3),(6,0,-2),(4,1,-5),(3,-1,-3),(4,1,-4)],[(6,1,2),(4,1,5),(3,3,2),(4,0,5),(6,0,2),(4,-1,4),(3,1,2),(4,0,3),(3,2,1),(4,1,3),(6,1,1),(4,3,2),(3,4,0),(4,2,3)],[(6,2,-2),(4,3,-3),(3,1,-3),(4,2,-3),(6,1,-2),(4,1,-4),(3,-1,-3),(4,2,-5),(3,0,-4),(4,3,-5),(6,2,-3),(4,5,-6),(3,2,-5),(4,4,-5)],[(6,-1,2),(4,-3,4),(3,-1,3),(4,-3,3),(6,-1,1),(4,-2,1),(3,-1,1),(4,-1,1),(3,0,1),(4,-1,2),(6,0,1),(4,0,3),(3,1,2),(4,-1,3)],[(6,-1,1),(4,-3,3),(3,-2,3),(4,-4,3),(6,-2,1),(4,-5,2),(3,-4,3),(4,-4,1),(3,-3,2),(4,-3,1),(6,-1,0),(4,-1,0),(3,-1,1),(4,-2,1)],[(6,-2,0),(4,-4,-1),(3,-4,1),(4,-3,-2),(6,-1,-1),(4,-1,-3),(3,-2,-1),(4,-1,-2),(3,-2,0),(4,-2,-1),(6,-1,0),(4,-3,1),(3,-3,2),(4,-3,0)],[(6,-1,-1),(4,-3,-2),(3,-4,0),(4,-3,-3),(6,-1,-2),(4,-2,-5),(3,-4,-2),(4,-1,-5),(3,-3,-2),(4,-1,-4),(6,0,-2),(4,0,-3),(3,-2,-1),(4,-1,-3)],[(6,0,-3),(4,1,-7),(3,-2,-4),(4,2,-7),(6,1,-3),(4,3,-6),(3,0,-4),(4,2,-5),(3,-1,-3),(4,1,-5),(6,0,-2),(4,-1,-4),(3,-3,-2),(4,0,-5)],[(6,1,-3),(4,2,-7),(3,-1,-5),(4,3,-8),(6,2,-4),(4,5,-9),(3,1,-7),(4,5,-8),(3,1,-6),(4,4,-7),(6,2,-3),(4,3,-5),(3,0,-4),(4,3,-6)],[(6,2,-3),(4,4,-7),(3,1,-6),(4,5,-8),(6,3,-4),(4,7,-9),(3,3,-8),(4,7,-8),(3,3,-7),(4,6,-7),(6,3,-3),(4,5,-5),(3,2,-5),(4,5,-6)],[(6,3,-3),(4,7,-6),(3,4,-6),(4,7,-5),(6,3,-2),(4,6,-3),(3,4,-4),(4,5,-3),(3,3,-4),(4,5,-4),(6,2,-2),(4,4,-5),(3,2,-5),(4,5,-5)],[(6,3,-2),(4,7,-5),(3,5,-6),(4,8,-5),(6,4,-2),(4,9,-4),(3,7,-6),(4,8,-3),(3,6,-5),(4,7,-3),(6,3,-1),(4,5,-2),(3,4,-4),(4,6,-3)],[(6,4,-1),(4,8,-1),(3,7,-4),(4,7,0),(6,3,0),(4,5,1),(3,5,-2),(4,5,0),(3,5,-3),(4,6,-1),(6,3,-1),(4,7,-3),(3,6,-5),(4,7,-2)],[(6,2,2),(4,3,4),(3,5,0),(4,3,3),(6,2,1),(4,4,1),(3,5,-2),(4,5,1),(3,6,-2),(4,5,2),(6,3,1),(4,6,3),(3,7,-1),(4,5,3)],[(6,1,3),(4,1,6),(3,4,2),(4,1,5),(6,1,2),(4,2,3),(3,4,0),(4,3,3),(3,5,0),(4,3,4),(6,2,2),(4,4,5),(3,6,1),(4,3,5)],[(6,0,4),(4,-1,8),(3,3,4),(4,-1,7),(6,0,3),(4,0,5),(3,3,2),(4,1,5),(3,4,2),(4,1,6),(6,1,3),(4,2,7),(3,5,3),(4,1,7)],[(4,-1,6),(3,2,3),(4,0,5),(6,0,3),(4,-1,7),(3,3,4),(4,-1,8),(3,3,5),(4,-2,9),(6,-1,4),(4,-3,8),(3,1,5),(4,-3,7),(6,-1,3)],[(6,0,2),(4,0,5),(3,2,3),(4,-1,6),(6,-1,3),(4,-3,7),(3,0,5),(4,-3,6),(3,0,4),(4,-2,5),(6,-1,2),(4,-1,3),(3,1,2),(4,-1,4)]]
---[6]---
level:103
tile_count:24
start_index:38
direction:ccw
center_tile:[(4,1,-1),(3,0,-1),(4,1,-2),(6,1,-1),(4,2,-1),(3,2,-2),(4,3,-1),(3,3,-2),(4,3,0),(6,1,0),(4,1,1),(3,1,0),(4,0,1),(6,0,0)]
boundary:[[(4,-5,2),(3,-4,3),(4,-4,1),(3,-3,2),(4,-3,0),(6,-2,0),(4,-4,-1),(3,-4,1),(4,-3,-2),(3,-4,0),(4,-3,-3),(6,-1,-2),(4,-2,-5),(3,-4,-2),(4,-1,-5),(3,-3,-2),(4,0,-5),(6,0,-3),(4,1,-7),(3,-2,-4),(4,2,-7),(3,-1,-5),(4,3,-8),(6,2,-4),(4,5,-9),(3,1,-7),(4,5,-8),(6,3,-4),(4,7,-9),(3,3,-8),(4,7,-8),(3,3,-7),(4,6,-7),(6,3,-3),(4,7,-6),(3,4,-6),(4,7,-5),(3,5,-6),(4,8,-5),(6,4,-2),(4,9,-4),(3,7,-6),(4,8,-3),(3,6,-5),(4,7,-2),(6,4,-1),(4,8,-1),(3,7,-4),(4,7,0),(6,3,0),(4,5,1),(3,6,-2),(4,5,2),(6,3,1),(4,6,3),(3,7,-1),(4,5,3),(6,2,2),(4,4,5),(3,6,1),(4,3,5),(6,1,3),(4,2,7),(3,5,3),(4,1,8),(6,0,4),(4,-1,9),(3,3,5),(4,-1,8),(6,-1,4),(4,-2,7),(3,1,5),(4,-3,7),(3,0,5),(4,-3,6),(3,0,4),(4,-2,5),(6,-1,2),(4,-3,4),(3,-1,3),(4,-3,3),(3,-2,3),(4,-4,3),(6,-2,1)]]
constellation:[(3,-2,-1),(3,-2,0),(3,-1,-3),(3,-1,1),(3,0,-4),(3,0,-2),(3,0,-1),(3,0,1),(3,1,-6),(3,1,-3),(3,1,0),(3,1,2),(3,2,-5),(3,2,-2),(3,2,1),(3,2,3),(3,3,-4),(3,3,-2),(3,3,-1),(3,3,2),(3,3,4),(3,4,-4),(3,4,0),(3,4,2),(3,5,-3),(3,5,-2),(3,5,0),(4,-3,1),(4,-2,-1),(4,-2,1),(4,-1,-4),(4,-1,-3),(4,-1,-2),(4,-1,-1),(4,-1,0),(4,-1,1),(4,-1,2),(4,-1,3),(4,-1,4),(4,-1,6),(4,0,-3),(4,0,1),(4,0,3),(4,0,5),(4,0,7),(4,1,-5),(4,1,-4),(4,1,-2),(4,1,-1),(4,1,1),(4,1,3),(4,1,5),(4,1,6),(4,2,-5),(4,2,-3),(4,2,-1),(4,2,1),(4,2,3),(4,3,-6),(4,3,-5),(4,3,-3),(4,3,-1),(4,3,0),(4,3,2),(4,3,3),(4,3,4),(4,4,-7),(4,4,-5),(4,4,-3),(4,4,1),(4,5,-6),(4,5,-5),(4,5,-4),(4,5,-3),(4,5,-2),(4,5,-1),(4,5,0),(4,6,-3),(4,6,-1),(4,7,-3),(6,-1,-1),(6,-1,0),(6,-1,1),(6,-1,3),(6,0,-2),(6,0,-1),(6,0,0),(6,0,1),(6,0,2),(6,0,3),(6,1,-3),(6,1,-2),(6,1,-1),(6,1,0),(6,1,1),(6,1,2),(6,2,-3),(6,2,-2),(6,2,-1),(6,2,0),(6,2,1),(6,3,-2),(6,3,-1)]
tiles:[[(4,1,-1),(3,0,-1),(4,1,-2),(6,1,-1),(4,2,-1),(3,2,-2),(4,3,-1),(3,3,-2),(4,3,0),(6,1,0),(4,1,1),(3,1,0),(4,0,1),(6,0,0)],[(6,2,-1),(4,3,-1),(3,2,-2),(4,2,-1),(6,1,-1),(4,1,-2),(3,0,-2),(4,2,-3),(3,1,-3),(4,3,-3),(6,2,-2),(4,5,-4),(3,3,-4),(4,4,-3)],[(6,2,0),(4,3,0),(3,3,-2),(4,3,-1),(6,2,-1),(4,4,-3),(3,3,-4),(4,5,-3),(3,4,-4),(4,5,-2),(6,3,-1),(4,6,-1),(3,5,-3),(4,5,-1)],[(6,1,1),(4,1,3),(3,2,1),(4,0,3),(6,0,1),(4,-1,2),(3,0,1),(4,0,1),(3,1,0),(4,1,1),(6,1,0),(4,3,0),(3,3,-1),(4,2,1)],[(6,1,1),(4,2,1),(3,3,-1),(4,3,0),(6,2,0),(4,5,-1),(3,5,-3),(4,5,0),(3,5,-2),(4,4,1),(6,2,1),(4,3,3),(3,4,0),(4,3,2)],[(6,0,-1),(4,1,-2),(3,0,-1),(4,1,-1),(6,0,0),(4,0,1),(3,0,1),(4,-1,1),(3,-1,1),(4,-1,0),(6,-1,0),(4,-2,-1),(3,-2,0),(4,-1,-1)],[(6,1,-2),(4,2,-3),(3,0,-2),(4,1,-2),(6,0,-1),(4,-1,-1),(3,-2,0),(4,-1,-2),(3,-2,-1),(4,0,-3),(6,0,-2),(4,1,-5),(3,-1,-3),(4,1,-4)],[(6,1,2),(4,1,5),(3,3,2),(4,0,5),(6,0,2),(4,-1,4),(3,1,2),(4,0,3),(3,2,1),(4,1,3),(6,1,1),(4,3,2),(3,4,0),(4,2,3)],[(6,2,-2),(4,3,-3),(3,1,-3),(4,2,-3),(6,1,-2),(4,1,-4),(3,-1,-3),(4,2,-5),(3,0,-4),(4,3,-5),(6,2,-3),(4,5,-6),(3,2,-5),(4,4,-5)],[(6,-1,2),(4,-3,4),(3,-1,3),(4,-3,3),(6,-1,1),(4,-2,1),(3,-1,1),(4,-1,1),(3,0,1),(4,-1,2),(6,0,1),(4,0,3),(3,1,2),(4,-1,3)],[(6,-1,1),(4,-3,3),(3,-2,3),(4,-4,3),(6,-2,1),(4,-5,2),(3,-4,3),(4,-4,1),(3,-3,2),(4,-3,1),(6,-1,0),(4,-1,0),(3,-1,1),(4,-2,1)],[(6,-2,0),(4,-4,-1),(3,-4,1),(4,-3,-2),(6,-1,-1),(4,-1,-3),(3,-2,-1),(4,-1,-2),(3,-2,0),(4,-2,-1),(6,-1,0),(4,-3,1),(3,-3,2),(4,-3,0)],[(6,-1,-1),(4,-3,-2),(3,-4,0),(4,-3,-3),(6,-1,-2),(4,-2,-5),(3,-4,-2),(4,-1,-5),(3,-3,-2),(4,-1,-4),(6,0,-2),(4,0,-3),(3,-2,-1),(4,-1,-3)],[(6,0,-3),(4,1,-7),(3,-2,-4),(4,2,-7),(6,1,-3),(4,3,-6),(3,0,-4),(4,2,-5),(3,-1,-3),(4,1,-5),(6,0,-2),(4,-1,-4),(3,-3,-2),(4,0,-5)],[(6,1,-3),(4,2,-7),(3,-1,-5),(4,3,-8),(6,2,-4),(4,5,-9),(3,1,-7),(4,5,-8),(3,1,-6),(4,4,-7),(6,2,-3),(4,3,-5),(3,0,-4),(4,3,-6)],[(6,2,-3),(4,4,-7),(3,1,-6),(4,5,-8),(6,3,-4),(4,7,-9),(3,3,-8),(4,7,-8),(3,3,-7),(4,6,-7),(6,3,-3),(4,5,-5),(3,2,-5),(4,5,-6)],[(6,3,-3),(4,7,-6),(3,4,-6),(4,7,-5),(6,3,-2),(4,6,-3),(3,4,-4),(4,5,-3),(3,3,-4),(4,5,-4),(6,2,-2),(4,4,-5),(3,2,-5),(4,5,-5)],[(6,3,-2),(4,7,-5),(3,5,-6),(4,8,-5),(6,4,-2),(4,9,-4),(3,7,-6),(4,8,-3),(3,6,-5),(4,7,-3),(6,3,-1),(4,5,-2),(3,4,-4),(4,6,-3)],[(6,4,-1),(4,8,-1),(3,7,-4),(4,7,0),(6,3,0),(4,5,1),(3,5,-2),(4,5,0),(3,5,-3),(4,6,-1),(6,3,-1),(4,7,-3),(3,6,-5),(4,7,-2)],[(6,2,2),(4,3,4),(3,5,0),(4,3,3),(6,2,1),(4,4,1),(3,5,-2),(4,5,1),(3,6,-2),(4,5,2),(6,3,1),(4,6,3),(3,7,-1),(4,5,3)],[(6,1,3),(4,1,6),(3,4,2),(4,1,5),(6,1,2),(4,2,3),(3,4,0),(4,3,3),(3,5,0),(4,3,4),(6,2,2),(4,4,5),(3,6,1),(4,3,5)],[(6,1,3),(4,2,7),(3,5,3),(4,1,8),(6,0,4),(4,-1,9),(3,3,5),(4,-1,8),(3,3,4),(4,0,7),(6,0,3),(4,1,5),(3,4,2),(4,1,6)],[(4,-2,7),(3,1,5),(4,-3,7),(6,-1,3),(4,-1,6),(3,2,3),(4,0,5),(3,3,2),(4,1,5),(6,0,3),(4,0,7),(3,3,4),(4,-1,8),(6,-1,4)],[(6,0,2),(4,0,5),(3,2,3),(4,-1,6),(6,-1,3),(4,-3,7),(3,0,5),(4,-3,6),(3,0,4),(4,-2,5),(6,-1,2),(4,-1,3),(3,1,2),(4,-1,4)]]
---[7]---
level:98
tile_count:23
start_index:38
direction:ccw
center_tile:[(4,1,-1),(3,0,-1),(4,1,-2),(6,1,-1),(4,2,-1),(3,2,-2),(4,3,-1),(3,3,-2),(4,3,0),(6,1,0),(4,1,1),(3,1,0),(4,0,1),(6,0,0)]
boundary:[[(4,-5,2),(3,-4,3),(4,-4,1),(3,-3,2),(4,-3,0),(6,-2,0),(4,-4,-1),(3,-4,1),(4,-3,-2),(3,-4,0),(4,-3,-3),(6,-1,-2),(4,-2,-5),(3,-4,-2),(4,-1,-5),(3,-3,-2),(4,0,-5),(6,0,-3),(4,1,-7),(3,-2,-4),(4,2,-7),(6,1,-3),(4,3,-6),(3,0,-5),(4,4,-7),(6,2,-4),(4,5,-9),(3,1,-7),(4,5,-8),(6,3,-4),(4,7,-9),(3,3,-8),(4,7,-8),(6,4,-4),(4,8,-7),(3,4,-7),(4,7,-6),(3,4,-6),(4,7,-5),(3,5,-6),(4,8,-5),(6,4,-2),(4,9,-4),(3,7,-6),(4,8,-3),(3,6,-5),(4,7,-2),(6,4,-1),(4,8,-1),(3,7,-4),(4,7,0),(3,7,-3),(4,7,1),(6,3,1),(4,6,3),(3,7,-1),(4,5,3),(6,2,2),(4,4,5),(3,6,1),(4,3,5),(3,5,1),(4,2,5),(6,1,3),(4,1,7),(3,4,3),(4,0,7),(6,0,3),(4,-1,6),(6,-1,3),(4,-3,7),(3,0,5),(4,-3,6),(3,0,4),(4,-2,5),(6,-1,2),(4,-3,4),(3,-1,3),(4,-3,3),(3,-2,3),(4,-4,3),(6,-2,1)]]
constellation:[(3,-2,-1),(3,-2,0),(3,-1,-3),(3,-1,1),(3,0,-4),(3,0,-2),(3,0,-1),(3,0,1),(3,1,-3),(3,1,0),(3,1,2),(3,2,-6),(3,2,-5),(3,2,-2),(3,2,1),(3,2,3),(3,3,-4),(3,3,-2),(3,3,-1),(3,3,2),(3,4,-4),(3,4,0),(3,5,-3),(3,5,-2),(3,6,-1),(4,-3,1),(4,-2,-1),(4,-2,1),(4,-1,-4),(4,-1,-3),(4,-1,-2),(4,-1,-1),(4,-1,0),(4,-1,1),(4,-1,2),(4,-1,3),(4,-1,4),(4,0,-3),(4,0,1),(4,0,3),(4,0,5),(4,1,-5),(4,1,-4),(4,1,-2),(4,1,-1),(4,1,1),(4,1,3),(4,1,5),(4,2,-5),(4,2,-3),(4,2,-1),(4,2,1),(4,2,3),(4,3,-5),(4,3,-3),(4,3,-1),(4,3,0),(4,3,2),(4,3,3),(4,3,4),(4,4,-5),(4,4,-3),(4,4,1),(4,5,-6),(4,5,-5),(4,5,-4),(4,5,-3),(4,5,-2),(4,5,-1),(4,5,0),(4,5,1),(4,5,2),(4,6,-7),(4,6,-3),(4,6,-1),(4,7,-3),(6,-1,-1),(6,-1,0),(6,-1,1),(6,0,-2),(6,0,-1),(6,0,0),(6,0,1),(6,0,2),(6,1,-2),(6,1,-1),(6,1,0),(6,1,1),(6,1,2),(6,2,-3),(6,2,-2),(6,2,-1),(6,2,0),(6,2,1),(6,3,-3),(6,3,-2),(6,3,-1),(6,3,0)]
tiles:[[(4,1,-1),(3,0,-1),(4,1,-2),(6,1,-1),(4,2,-1),(3,2,-2),(4,3,-1),(3,3,-2),(4,3,0),(6,1,0),(4,1,1),(3,1,0),(4,0,1),(6,0,0)],[(6,2,-1),(4,3,-1),(3,2,-2),(4,2,-1),(6,1,-1),(4,1,-2),(3,0,-2),(4,2,-3),(3,1,-3),(4,3,-3),(6,2,-2),(4,5,-4),(3,3,-4),(4,4,-3)],[(6,2,0),(4,3,0),(3,3,-2),(4,3,-1),(6,2,-1),(4,4,-3),(3,3,-4),(4,5,-3),(3,4,-4),(4,5,-2),(6,3,-1),(4,6,-1),(3,5,-3),(4,5,-1)],[(6,1,1),(4,1,3),(3,2,1),(4,0,3),(6,0,1),(4,-1,2),(3,0,1),(4,0,1),(3,1,0),(4,1,1),(6,1,0),(4,3,0),(3,3,-1),(4,2,1)],[(6,1,1),(4,2,1),(3,3,-1),(4,3,0),(6,2,0),(4,5,-1),(3,5,-3),(4,5,0),(3,5,-2),(4,4,1),(6,2,1),(4,3,3),(3,4,0),(4,3,2)],[(6,0,-1),(4,1,-2),(3,0,-1),(4,1,-1),(6,0,0),(4,0,1),(3,0,1),(4,-1,1),(3,-1,1),(4,-1,0),(6,-1,0),(4,-2,-1),(3,-2,0),(4,-1,-1)],[(6,1,-2),(4,2,-3),(3,0,-2),(4,1,-2),(6,0,-1),(4,-1,-1),(3,-2,0),(4,-1,-2),(3,-2,-1),(4,0,-3),(6,0,-2),(4,1,-5),(3,-1,-3),(4,1,-4)],[(6,1,2),(4,1,5),(3,3,2),(4,0,5),(6,0,2),(4,-1,4),(3,1,2),(4,0,3),(3,2,1),(4,1,3),(6,1,1),(4,3,2),(3,4,0),(4,2,3)],[(6,2,-2),(4,3,-3),(3,1,-3),(4,2,-3),(6,1,-2),(4,1,-4),(3,-1,-3),(4,2,-5),(3,0,-4),(4,3,-5),(6,2,-3),(4,5,-6),(3,2,-5),(4,4,-5)],[(6,-1,2),(4,-3,4),(3,-1,3),(4,-3,3),(6,-1,1),(4,-2,1),(3,-1,1),(4,-1,1),(3,0,1),(4,-1,2),(6,0,1),(4,0,3),(3,1,2),(4,-1,3)],[(6,-1,1),(4,-3,3),(3,-2,3),(4,-4,3),(6,-2,1),(4,-5,2),(3,-4,3),(4,-4,1),(3,-3,2),(4,-3,1),(6,-1,0),(4,-1,0),(3,-1,1),(4,-2,1)],[(6,-2,0),(4,-4,-1),(3,-4,1),(4,-3,-2),(6,-1,-1),(4,-1,-3),(3,-2,-1),(4,-1,-2),(3,-2,0),(4,-2,-1),(6,-1,0),(4,-3,1),(3,-3,2),(4,-3,0)],[(6,-1,-1),(4,-3,-2),(3,-4,0),(4,-3,-3),(6,-1,-2),(4,-2,-5),(3,-4,-2),(4,-1,-5),(3,-3,-2),(4,-1,-4),(6,0,-2),(4,0,-3),(3,-2,-1),(4,-1,-3)],[(6,0,-3),(4,1,-7),(3,-2,-4),(4,2,-7),(6,1,-3),(4,3,-6),(3,0,-4),(4,2,-5),(3,-1,-3),(4,1,-5),(6,0,-2),(4,-1,-4),(3,-3,-2),(4,0,-5)],[(6,3,-4),(4,6,-7),(3,2,-6),(4,5,-6),(6,2,-3),(4,3,-5),(3,0,-4),(4,3,-6),(3,0,-5),(4,4,-7),(6,2,-4),(4,5,-9),(3,1,-7),(4,5,-8)],[(6,4,-4),(4,8,-7),(3,4,-7),(4,7,-6),(6,3,-3),(4,5,-5),(3,2,-5),(4,5,-6),(3,2,-6),(4,6,-7),(6,3,-4),(4,7,-9),(3,3,-8),(4,7,-8)],[(6,3,-3),(4,7,-6),(3,4,-6),(4,7,-5),(6,3,-2),(4,6,-3),(3,4,-4),(4,5,-3),(3,3,-4),(4,5,-4),(6,2,-2),(4,4,-5),(3,2,-5),(4,5,-5)],[(6,3,-2),(4,7,-5),(3,5,-6),(4,8,-5),(6,4,-2),(4,9,-4),(3,7,-6),(4,8,-3),(3,6,-5),(4,7,-3),(6,3,-1),(4,5,-2),(3,4,-4),(4,6,-3)],[(6,4,-1),(4,8,-1),(3,7,-4),(4,7,0),(6,3,0),(4,5,1),(3,5,-2),(4,5,0),(3,5,-3),(4,6,-1),(6,3,-1),(4,7,-3),(3,6,-5),(4,7,-2)],[(6,3,0),(4,7,0),(3,7,-3),(4,7,1),(6,3,1),(4,6,3),(3,7,-1),(4,5,3),(3,6,-1),(4,5,2),(6,2,1),(4,4,1),(3,5,-2),(4,5,1)],[(6,2,1),(4,5,2),(3,6,-1),(4,5,3),(6,2,2),(4,4,5),(3,6,1),(4,3,5),(3,5,1),(4,3,4),(6,1,2),(4,2,3),(3,4,0),(4,3,3)],[(6,1,3),(4,1,7),(3,4,3),(4,0,7),(6,0,3),(4,-1,6),(3,2,3),(4,0,5),(3,3,2),(4,1,5),(6,1,2),(4,3,4),(3,5,1),(4,2,5)],[(6,0,2),(4,0,5),(3,2,3),(4,-1,6),(6,-1,3),(4,-3,7),(3,0,5),(4,-3,6),(3,0,4),(4,-2,5),(6,-1,2),(4,-1,3),(3,1,2),(4,-1,4)]]
---[8]---
level:102
tile_count:24
start_index:38
direction:ccw
center_tile:[(4,1,-1),(3,0,-1),(4,1,-2),(6,1,-1),(4,2,-1),(3,2,-2),(4,3,-1),(3,3,-2),(4,3,0),(6,1,0),(4,1,1),(3,1,0),(4,0,1),(6,0,0)]
boundary:[[(4,-5,2),(3,-4,3),(4,-4,1),(3,-3,2),(4,-3,0),(6,-2,0),(4,-4,-1),(3,-4,1),(4,-3,-2),(3,-4,0),(4,-3,-3),(6,-1,-2),(4,-2,-5),(3,-4,-2),(4,-1,-5),(3,-3,-2),(4,0,-5),(6,0,-3),(4,1,-7),(3,-2,-4),(4,2,-7),(6,1,-3),(4,3,-6),(3,0,-5),(4,4,-7),(6,2,-4),(4,5,-9),(3,1,-7),(4,5,-8),(6,3,-4),(4,7,-9),(3,3,-8),(4,7,-8),(6,4,-4),(4,8,-7),(3,4,-7),(4,7,-6),(3,4,-6),(4,7,-5),(3,5,-6),(4,8,-5),(6,4,-2),(4,9,-4),(3,7,-6),(4,8,-3),(3,6,-5),(4,7,-2),(6,4,-1),(4,8,-1),(3,7,-4),(4,7,0),(3,7,-3),(4,7,1),(6,3,1),(4,6,3),(3,7,-1),(4,5,3),(6,2,2),(4,4,5),(3,6,1),(4,3,5),(6,1,3),(4,2,7),(3,5,3),(4,1,7),(6,0,4),(4,-1,8),(3,3,5),(4,-2,9),(6,-1,4),(4,-1,7),(3,2,4),(4,-1,6),(6,-1,3),(4,-3,7),(3,0,5),(4,-3,6),(3,0,4),(4,-2,5),(6,-1,2),(4,-3,4),(3,-1,3),(4,-3,3),(3,-2,3),(4,-4,3),(6,-2,1)]]
constellation:[(3,-2,-1),(3,-2,0),(3,-1,-3),(3,-1,1),(3,0,-4),(3,0,-2),(3,0,-1),(3,0,1),(3,1,-3),(3,1,0),(3,1,2),(3,2,-6),(3,2,-5),(3,2,-2),(3,2,1),(3,2,3),(3,3,-4),(3,3,-2),(3,3,-1),(3,3,2),(3,4,-4),(3,4,0),(3,4,3),(3,5,-3),(3,5,-2),(3,5,1),(3,6,-1),(4,-3,1),(4,-2,-1),(4,-2,1),(4,-1,-4),(4,-1,-3),(4,-1,-2),(4,-1,-1),(4,-1,0),(4,-1,1),(4,-1,2),(4,-1,3),(4,-1,4),(4,0,-3),(4,0,1),(4,0,3),(4,0,5),(4,1,-5),(4,1,-4),(4,1,-2),(4,1,-1),(4,1,1),(4,1,3),(4,1,5),(4,1,6),(4,2,-5),(4,2,-3),(4,2,-1),(4,2,1),(4,2,3),(4,3,-5),(4,3,-3),(4,3,-1),(4,3,0),(4,3,2),(4,3,3),(4,3,4),(4,4,-5),(4,4,-3),(4,4,1),(4,5,-6),(4,5,-5),(4,5,-4),(4,5,-3),(4,5,-2),(4,5,-1),(4,5,0),(4,5,1),(4,5,2),(4,6,-7),(4,6,-3),(4,6,-1),(4,7,-3),(6,-1,-1),(6,-1,0),(6,-1,1),(6,0,-2),(6,0,-1),(6,0,0),(6,0,1),(6,0,2),(6,0,3),(6,1,-2),(6,1,-1),(6,1,0),(6,1,1),(6,1,2),(6,2,-3),(6,2,-2),(6,2,-1),(6,2,0),(6,2,1),(6,3,-3),(6,3,-2),(6,3,-1),(6,3,0)]
tiles:[[(4,1,-1),(3,0,-1),(4,1,-2),(6,1,-1),(4,2,-1),(3,2,-2),(4,3,-1),(3,3,-2),(4,3,0),(6,1,0),(4,1,1),(3,1,0),(4,0,1),(6,0,0)],[(6,2,-1),(4,3,-1),(3,2,-2),(4,2,-1),(6,1,-1),(4,1,-2),(3,0,-2),(4,2,-3),(3,1,-3),(4,3,-3),(6,2,-2),(4,5,-4),(3,3,-4),(4,4,-3)],[(6,2,0),(4,3,0),(3,3,-2),(4,3,-1),(6,2,-1),(4,4,-3),(3,3,-4),(4,5,-3),(3,4,-4),(4,5,-2),(6,3,-1),(4,6,-1),(3,5,-3),(4,5,-1)],[(6,1,1),(4,1,3),(3,2,1),(4,0,3),(6,0,1),(4,-1,2),(3,0,1),(4,0,1),(3,1,0),(4,1,1),(6,1,0),(4,3,0),(3,3,-1),(4,2,1)],[(6,1,1),(4,2,1),(3,3,-1),(4,3,0),(6,2,0),(4,5,-1),(3,5,-3),(4,5,0),(3,5,-2),(4,4,1),(6,2,1),(4,3,3),(3,4,0),(4,3,2)],[(6,0,-1),(4,1,-2),(3,0,-1),(4,1,-1),(6,0,0),(4,0,1),(3,0,1),(4,-1,1),(3,-1,1),(4,-1,0),(6,-1,0),(4,-2,-1),(3,-2,0),(4,-1,-1)],[(6,1,-2),(4,2,-3),(3,0,-2),(4,1,-2),(6,0,-1),(4,-1,-1),(3,-2,0),(4,-1,-2),(3,-2,-1),(4,0,-3),(6,0,-2),(4,1,-5),(3,-1,-3),(4,1,-4)],[(6,1,2),(4,1,5),(3,3,2),(4,0,5),(6,0,2),(4,-1,4),(3,1,2),(4,0,3),(3,2,1),(4,1,3),(6,1,1),(4,3,2),(3,4,0),(4,2,3)],[(6,2,-2),(4,3,-3),(3,1,-3),(4,2,-3),(6,1,-2),(4,1,-4),(3,-1,-3),(4,2,-5),(3,0,-4),(4,3,-5),(6,2,-3),(4,5,-6),(3,2,-5),(4,4,-5)],[(6,-1,2),(4,-3,4),(3,-1,3),(4,-3,3),(6,-1,1),(4,-2,1),(3,-1,1),(4,-1,1),(3,0,1),(4,-1,2),(6,0,1),(4,0,3),(3,1,2),(4,-1,3)],[(6,-1,1),(4,-3,3),(3,-2,3),(4,-4,3),(6,-2,1),(4,-5,2),(3,-4,3),(4,-4,1),(3,-3,2),(4,-3,1),(6,-1,0),(4,-1,0),(3,-1,1),(4,-2,1)],[(6,-2,0),(4,-4,-1),(3,-4,1),(4,-3,-2),(6,-1,-1),(4,-1,-3),(3,-2,-1),(4,-1,-2),(3,-2,0),(4,-2,-1),(6,-1,0),(4,-3,1),(3,-3,2),(4,-3,0)],[(6,-1,-1),(4,-3,-2),(3,-4,0),(4,-3,-3),(6,-1,-2),(4,-2,-5),(3,-4,-2),(4,-1,-5),(3,-3,-2),(4,-1,-4),(6,0,-2),(4,0,-3),(3,-2,-1),(4,-1,-3)],[(6,0,-3),(4,1,-7),(3,-2,-4),(4,2,-7),(6,1,-3),(4,3,-6),(3,0,-4),(4,2,-5),(3,-1,-3),(4,1,-5),(6,0,-2),(4,-1,-4),(3,-3,-2),(4,0,-5)],[(6,3,-4),(4,6,-7),(3,2,-6),(4,5,-6),(6,2,-3),(4,3,-5),(3,0,-4),(4,3,-6),(3,0,-5),(4,4,-7),(6,2,-4),(4,5,-9),(3,1,-7),(4,5,-8)],[(6,4,-4),(4,8,-7),(3,4,-7),(4,7,-6),(6,3,-3),(4,5,-5),(3,2,-5),(4,5,-6),(3,2,-6),(4,6,-7),(6,3,-4),(4,7,-9),(3,3,-8),(4,7,-8)],[(6,3,-3),(4,7,-6),(3,4,-6),(4,7,-5),(6,3,-2),(4,6,-3),(3,4,-4),(4,5,-3),(3,3,-4),(4,5,-4),(6,2,-2),(4,4,-5),(3,2,-5),(4,5,-5)],[(6,3,-2),(4,7,-5),(3,5,-6),(4,8,-5),(6,4,-2),(4,9,-4),(3,7,-6),(4,8,-3),(3,6,-5),(4,7,-3),(6,3,-1),(4,5,-2),(3,4,-4),(4,6,-3)],[(6,4,-1),(4,8,-1),(3,7,-4),(4,7,0),(6,3,0),(4,5,1),(3,5,-2),(4,5,0),(3,5,-3),(4,6,-1),(6,3,-1),(4,7,-3),(3,6,-5),(4,7,-2)],[(6,3,0),(4,7,0),(3,7,-3),(4,7,1),(6,3,1),(4,6,3),(3,7,-1),(4,5,3),(3,6,-1),(4,5,2),(6,2,1),(4,4,1),(3,5,-2),(4,5,1)],[(6,2,1),(4,5,2),(3,6,-1),(4,5,3),(6,2,2),(4,4,5),(3,6,1),(4,3,5),(3,5,1),(4,3,4),(6,1,2),(4,2,3),(3,4,0),(4,3,3)],[(6,1,2),(4,3,4),(3,5,1),(4,3,5),(6,1,3),(4,2,7),(3,5,3),(4,1,7),(3,4,3),(4,1,6),(6,0,3),(4,0,5),(3,3,2),(4,1,5)],[(4,-1,8),(3,3,5),(4,-2,9),(6,-1,4),(4,-1,7),(3,2,4),(4,-1,6),(3,2,3),(4,0,5),(6,0,3),(4,1,6),(3,4,3),(4,1,7),(6,0,4)],[(6,0,2),(4,0,5),(3,2,3),(4,-1,6),(6,-1,3),(4,-3,7),(3,0,5),(4,-3,6),(3,0,4),(4,-2,5),(6,-1,2),(4,-1,3),(3,1,2),(4,-1,4)]]
---[9]---
level:102
tile_count:24
start_index:38
direction:ccw
center_tile:[(4,1,-1),(3,0,-1),(4,1,-2),(6,1,-1),(4,2,-1),(3,2,-2),(4,3,-1),(3,3,-2),(4,3,0),(6,1,0),(4,1,1),(3,1,0),(4,0,1),(6,0,0)]
boundary:[[(4,-5,2),(3,-4,3),(4,-4,1),(3,-3,2),(4,-3,0),(6,-2,0),(4,-4,-1),(3,-4,1),(4,-3,-2),(3,-4,0),(4,-3,-3),(6,-1,-2),(4,-2,-5),(3,-4,-2),(4,-1,-5),(3,-3,-2),(4,0,-5),(6,0,-3),(4,1,-7),(3,-2,-4),(4,2,-7),(6,1,-3),(4,3,-6),(3,0,-5),(4,4,-7),(6,2,-4),(4,5,-9),(3,1,-7),(4,5,-8),(6,3,-4),(4,7,-9),(3,3,-8),(4,7,-8),(6,4,-4),(4,8,-7),(3,4,-7),(4,7,-6),(3,4,-6),(4,7,-5),(3,5,-6),(4,8,-5),(6,4,-2),(4,9,-4),(3,7,-6),(4,8,-3),(3,6,-5),(4,7,-2),(6,4,-1),(4,8,-1),(3,7,-4),(4,7,0),(6,3,0),(4,5,1),(3,6,-2),(4,5,2),(6,3,1),(4,6,3),(3,7,-1),(4,5,3),(6,2,2),(4,4,5),(3,6,1),(4,3,5),(6,1,3),(4,1,6),(3,4,3),(4,0,7),(6,0,4),(4,-1,9),(3,3,5),(4,-1,8),(6,-1,4),(4,-2,7),(3,1,5),(4,-3,7),(3,0,5),(4,-3,6),(6,-2,3),(4,-4,5),(3,-1,4),(4,-3,4),(3,-1,3),(4,-3,3),(3,-2,3),(4,-4,3),(6,-2,1)]]
constellation:[(3,-2,-1),(3,-2,0),(3,-1,-3),(3,-1,1),(3,0,-4),(3,0,-2),(3,0,-1),(3,0,1),(3,1,-3),(3,1,0),(3,1,2),(3,1,3),(3,2,-6),(3,2,-5),(3,2,-2),(3,2,1),(3,2,4),(3,3,-4),(3,3,-2),(3,3,-1),(3,3,2),(3,4,-4),(3,4,0),(3,4,2),(3,5,-3),(3,5,-2),(3,5,0),(4,-3,1),(4,-2,-1),(4,-2,1),(4,-2,5),(4,-1,-4),(4,-1,-3),(4,-1,-2),(4,-1,-1),(4,-1,0),(4,-1,1),(4,-1,2),(4,-1,3),(4,-1,4),(4,-1,6),(4,0,-3),(4,0,1),(4,0,3),(4,0,5),(4,1,-5),(4,1,-4),(4,1,-2),(4,1,-1),(4,1,1),(4,1,3),(4,1,5),(4,2,-5),(4,2,-3),(4,2,-1),(4,2,1),(4,2,3),(4,3,-5),(4,3,-3),(4,3,-1),(4,3,0),(4,3,2),(4,3,3),(4,3,4),(4,4,-5),(4,4,-3),(4,4,1),(4,5,-6),(4,5,-5),(4,5,-4),(4,5,-3),(4,5,-2),(4,5,-1),(4,5,0),(4,6,-7),(4,6,-3),(4,6,-1),(4,7,-3),(6,-1,-1),(6,-1,0),(6,-1,1),(6,-1,2),(6,-1,3),(6,0,-2),(6,0,-1),(6,0,0),(6,0,1),(6,0,2),(6,0,3),(6,1,-2),(6,1,-1),(6,1,0),(6,1,1),(6,1,2),(6,2,-3),(6,2,-2),(6,2,-1),(6,2,0),(6,2,1),(6,3,-3),(6,3,-2),(6,3,-1)]
tiles:[[(4,1,-1),(3,0,-1),(4,1,-2),(6,1,-1),(4,2,-1),(3,2,-2),(4,3,-1),(3,3,-2),(4,3,0),(6,1,0),(4,1,1),(3,1,0),(4,0,1),(6,0,0)],[(6,2,-1),(4,3,-1),(3,2,-2),(4,2,-1),(6,1,-1),(4,1,-2),(3,0,-2),(4,2,-3),(3,1,-3),(4,3,-3),(6,2,-2),(4,5,-4),(3,3,-4),(4,4,-3)],[(6,2,0),(4,3,0),(3,3,-2),(4,3,-1),(6,2,-1),(4,4,-3),(3,3,-4),(4,5,-3),(3,4,-4),(4,5,-2),(6,3,-1),(4,6,-1),(3,5,-3),(4,5,-1)],[(6,1,1),(4,1,3),(3,2,1),(4,0,3),(6,0,1),(4,-1,2),(3,0,1),(4,0,1),(3,1,0),(4,1,1),(6,1,0),(4,3,0),(3,3,-1),(4,2,1)],[(6,1,1),(4,2,1),(3,3,-1),(4,3,0),(6,2,0),(4,5,-1),(3,5,-3),(4,5,0),(3,5,-2),(4,4,1),(6,2,1),(4,3,3),(3,4,0),(4,3,2)],[(6,0,-1),(4,1,-2),(3,0,-1),(4,1,-1),(6,0,0),(4,0,1),(3,0,1),(4,-1,1),(3,-1,1),(4,-1,0),(6,-1,0),(4,-2,-1),(3,-2,0),(4,-1,-1)],[(6,1,-2),(4,2,-3),(3,0,-2),(4,1,-2),(6,0,-1),(4,-1,-1),(3,-2,0),(4,-1,-2),(3,-2,-1),(4,0,-3),(6,0,-2),(4,1,-5),(3,-1,-3),(4,1,-4)],[(6,1,2),(4,1,5),(3,3,2),(4,0,5),(6,0,2),(4,-1,4),(3,1,2),(4,0,3),(3,2,1),(4,1,3),(6,1,1),(4,3,2),(3,4,0),(4,2,3)],[(6,2,-2),(4,3,-3),(3,1,-3),(4,2,-3),(6,1,-2),(4,1,-4),(3,-1,-3),(4,2,-5),(3,0,-4),(4,3,-5),(6,2,-3),(4,5,-6),(3,2,-5),(4,4,-5)],[(6,-1,2),(4,-3,4),(3,-1,3),(4,-3,3),(6,-1,1),(4,-2,1),(3,-1,1),(4,-1,1),(3,0,1),(4,-1,2),(6,0,1),(4,0,3),(3,1,2),(4,-1,3)],[(6,-1,1),(4,-3,3),(3,-2,3),(4,-4,3),(6,-2,1),(4,-5,2),(3,-4,3),(4,-4,1),(3,-3,2),(4,-3,1),(6,-1,0),(4,-1,0),(3,-1,1),(4,-2,1)],[(6,-2,0),(4,-4,-1),(3,-4,1),(4,-3,-2),(6,-1,-1),(4,-1,-3),(3,-2,-1),(4,-1,-2),(3,-2,0),(4,-2,-1),(6,-1,0),(4,-3,1),(3,-3,2),(4,-3,0)],[(6,-1,-1),(4,-3,-2),(3,-4,0),(4,-3,-3),(6,-1,-2),(4,-2,-5),(3,-4,-2),(4,-1,-5),(3,-3,-2),(4,-1,-4),(6,0,-2),(4,0,-3),(3,-2,-1),(4,-1,-3)],[(6,0,-3),(4,1,-7),(3,-2,-4),(4,2,-7),(6,1,-3),(4,3,-6),(3,0,-4),(4,2,-5),(3,-1,-3),(4,1,-5),(6,0,-2),(4,-1,-4),(3,-3,-2),(4,0,-5)],[(6,3,-4),(4,6,-7),(3,2,-6),(4,5,-6),(6,2,-3),(4,3,-5),(3,0,-4),(4,3,-6),(3,0,-5),(4,4,-7),(6,2,-4),(4,5,-9),(3,1,-7),(4,5,-8)],[(6,4,-4),(4,8,-7),(3,4,-7),(4,7,-6),(6,3,-3),(4,5,-5),(3,2,-5),(4,5,-6),(3,2,-6),(4,6,-7),(6,3,-4),(4,7,-9),(3,3,-8),(4,7,-8)],[(6,3,-3),(4,7,-6),(3,4,-6),(4,7,-5),(6,3,-2),(4,6,-3),(3,4,-4),(4,5,-3),(3,3,-4),(4,5,-4),(6,2,-2),(4,4,-5),(3,2,-5),(4,5,-5)],[(6,3,-2),(4,7,-5),(3,5,-6),(4,8,-5),(6,4,-2),(4,9,-4),(3,7,-6),(4,8,-3),(3,6,-5),(4,7,-3),(6,3,-1),(4,5,-2),(3,4,-4),(4,6,-3)],[(6,4,-1),(4,8,-1),(3,7,-4),(4,7,0),(6,3,0),(4,5,1),(3,5,-2),(4,5,0),(3,5,-3),(4,6,-1),(6,3,-1),(4,7,-3),(3,6,-5),(4,7,-2)],[(6,2,2),(4,3,4),(3,5,0),(4,3,3),(6,2,1),(4,4,1),(3,5,-2),(4,5,1),(3,6,-2),(4,5,2),(6,3,1),(4,6,3),(3,7,-1),(4,5,3)],[(6,1,3),(4,1,6),(3,4,2),(4,1,5),(6,1,2),(4,2,3),(3,4,0),(4,3,3),(3,5,0),(4,3,4),(6,2,2),(4,4,5),(3,6,1),(4,3,5)],[(6,-1,4),(4,-2,7),(3,2,4),(4,-1,6),(6,0,3),(4,1,5),(3,4,2),(4,1,6),(3,4,3),(4,0,7),(6,0,4),(4,-1,9),(3,3,5),(4,-1,8)],[(4,0,5),(3,3,2),(4,1,5),(6,0,3),(4,-1,6),(3,2,4),(4,-2,7),(3,1,5),(4,-3,7),(6,-1,3),(4,-2,5),(3,1,3),(4,-1,4),(6,0,2)],[(6,-2,3),(4,-4,5),(3,-1,4),(4,-3,4),(6,-1,2),(4,-1,3),(3,1,2),(4,-1,4),(3,1,3),(4,-2,5),(6,-1,3),(4,-3,7),(3,0,5),(4,-3,6)]]
---[10]---
level:102
tile_count:24
start_index:38
direction:ccw
center_tile:[(4,1,-1),(3,0,-1),(4,1,-2),(6,1,-1),(4,2,-1),(3,2,-2),(4,3,-1),(3,3,-2),(4,3,0),(6,1,0),(4,1,1),(3,1,0),(4,0,1),(6,0,0)]
boundary:[[(4,-5,2),(3,-4,3),(4,-4,1),(3,-3,2),(4,-3,0),(6,-2,0),(4,-4,-1),(3,-4,1),(4,-3,-2),(3,-4,0),(4,-3,-3),(6,-1,-2),(4,-2,-5),(3,-4,-2),(4,-1,-5),(3,-3,-2),(4,0,-5),(6,0,-3),(4,1,-7),(3,-2,-4),(4,2,-7),(6,1,-3),(4,3,-6),(3,0,-5),(4,4,-7),(6,2,-4),(4,5,-9),(3,1,-7),(4,5,-8),(6,3,-4),(4,7,-9),(3,3,-8),(4,7,-8),(6,4,-4),(4,8,-7),(3,4,-7),(4,7,-6),(3,4,-6),(4,7,-5),(3,5,-6),(4,8,-5),(6,4,-2),(4,9,-4),(3,7,-6),(4,8,-3),(3,6,-5),(4,7,-2),(6,4,-1),(4,8,-1),(3,7,-4),(4,7,0),(6,3,0),(4,5,1),(3,6,-2),(4,5,2),(6,3,1),(4,6,3),(3,7,-1),(4,5,3),(6,2,2),(4,4,5),(3,6,1),(4,3,5),(6,1,3),(4,2,7),(3,5,3),(4,1,7),(6,0,4),(4,-1,8),(3,3,5),(4,-2,9),(6,-1,4),(4,-3,8),(3,1,5),(4,-3,7),(3,0,5),(4,-3,6),(3,0,4),(4,-2,5),(6,-1,2),(4,-3,4),(3,-1,3),(4,-3,3),(3,-2,3),(4,-4,3),(6,-2,1)]]
constellation:[(3,-2,-1),(3,-2,0),(3,-1,-3),(3,-1,1),(3,0,-4),(3,0,-2),(3,0,-1),(3,0,1),(3,1,-3),(3,1,0),(3,1,2),(3,2,-6),(3,2,-5),(3,2,-2),(3,2,1),(3,2,3),(3,3,-4),(3,3,-2),(3,3,-1),(3,3,2),(3,3,4),(3,4,-4),(3,4,0),(3,4,2),(3,5,-3),(3,5,-2),(3,5,0),(4,-3,1),(4,-2,-1),(4,-2,1),(4,-1,-4),(4,-1,-3),(4,-1,-2),(4,-1,-1),(4,-1,0),(4,-1,1),(4,-1,2),(4,-1,3),(4,-1,4),(4,-1,6),(4,-1,7),(4,0,-3),(4,0,1),(4,0,3),(4,0,5),(4,1,-5),(4,1,-4),(4,1,-2),(4,1,-1),(4,1,1),(4,1,3),(4,1,5),(4,1,6),(4,2,-5),(4,2,-3),(4,2,-1),(4,2,1),(4,2,3),(4,3,-5),(4,3,-3),(4,3,-1),(4,3,0),(4,3,2),(4,3,3),(4,3,4),(4,4,-5),(4,4,-3),(4,4,1),(4,5,-6),(4,5,-5),(4,5,-4),(4,5,-3),(4,5,-2),(4,5,-1),(4,5,0),(4,6,-7),(4,6,-3),(4,6,-1),(4,7,-3),(6,-1,-1),(6,-1,0),(6,-1,1),(6,-1,3),(6,0,-2),(6,0,-1),(6,0,0),(6,0,1),(6,0,2),(6,0,3),(6,1,-2),(6,1,-1),(6,1,0),(6,1,1),(6,1,2),(6,2,-3),(6,2,-2),(6,2,-1),(6,2,0),(6,2,1),(6,3,-3),(6,3,-2),(6,3,-1)]
tiles:[[(4,1,-1),(3,0,-1),(4,1,-2),(6,1,-1),(4,2,-1),(3,2,-2),(4,3,-1),(3,3,-2),(4,3,0),(6,1,0),(4,1,1),(3,1,0),(4,0,1),(6,0,0)],[(6,2,-1),(4,3,-1),(3,2,-2),(4,2,-1),(6,1,-1),(4,1,-2),(3,0,-2),(4,2,-3),(3,1,-3),(4,3,-3),(6,2,-2),(4,5,-4),(3,3,-4),(4,4,-3)],[(6,2,0),(4,3,0),(3,3,-2),(4,3,-1),(6,2,-1),(4,4,-3),(3,3,-4),(4,5,-3),(3,4,-4),(4,5,-2),(6,3,-1),(4,6,-1),(3,5,-3),(4,5,-1)],[(6,1,1),(4,1,3),(3,2,1),(4,0,3),(6,0,1),(4,-1,2),(3,0,1),(4,0,1),(3,1,0),(4,1,1),(6,1,0),(4,3,0),(3,3,-1),(4,2,1)],[(6,1,1),(4,2,1),(3,3,-1),(4,3,0),(6,2,0),(4,5,-1),(3,5,-3),(4,5,0),(3,5,-2),(4,4,1),(6,2,1),(4,3,3),(3,4,0),(4,3,2)],[(6,0,-1),(4,1,-2),(3,0,-1),(4,1,-1),(6,0,0),(4,0,1),(3,0,1),(4,-1,1),(3,-1,1),(4,-1,0),(6,-1,0),(4,-2,-1),(3,-2,0),(4,-1,-1)],[(6,1,-2),(4,2,-3),(3,0,-2),(4,1,-2),(6,0,-1),(4,-1,-1),(3,-2,0),(4,-1,-2),(3,-2,-1),(4,0,-3),(6,0,-2),(4,1,-5),(3,-1,-3),(4,1,-4)],[(6,1,2),(4,1,5),(3,3,2),(4,0,5),(6,0,2),(4,-1,4),(3,1,2),(4,0,3),(3,2,1),(4,1,3),(6,1,1),(4,3,2),(3,4,0),(4,2,3)],[(6,2,-2),(4,3,-3),(3,1,-3),(4,2,-3),(6,1,-2),(4,1,-4),(3,-1,-3),(4,2,-5),(3,0,-4),(4,3,-5),(6,2,-3),(4,5,-6),(3,2,-5),(4,4,-5)],[(6,-1,2),(4,-3,4),(3,-1,3),(4,-3,3),(6,-1,1),(4,-2,1),(3,-1,1),(4,-1,1),(3,0,1),(4,-1,2),(6,0,1),(4,0,3),(3,1,2),(4,-1,3)],[(6,-1,1),(4,-3,3),(3,-2,3),(4,-4,3),(6,-2,1),(4,-5,2),(3,-4,3),(4,-4,1),(3,-3,2),(4,-3,1),(6,-1,0),(4,-1,0),(3,-1,1),(4,-2,1)],[(6,-2,0),(4,-4,-1),(3,-4,1),(4,-3,-2),(6,-1,-1),(4,-1,-3),(3,-2,-1),(4,-1,-2),(3,-2,0),(4,-2,-1),(6,-1,0),(4,-3,1),(3,-3,2),(4,-3,0)],[(6,-1,-1),(4,-3,-2),(3,-4,0),(4,-3,-3),(6,-1,-2),(4,-2,-5),(3,-4,-2),(4,-1,-5),(3,-3,-2),(4,-1,-4),(6,0,-2),(4,0,-3),(3,-2,-1),(4,-1,-3)],[(6,0,-3),(4,1,-7),(3,-2,-4),(4,2,-7),(6,1,-3),(4,3,-6),(3,0,-4),(4,2,-5),(3,-1,-3),(4,1,-5),(6,0,-2),(4,-1,-4),(3,-3,-2),(4,0,-5)],[(6,3,-4),(4,6,-7),(3,2,-6),(4,5,-6),(6,2,-3),(4,3,-5),(3,0,-4),(4,3,-6),(3,0,-5),(4,4,-7),(6,2,-4),(4,5,-9),(3,1,-7),(4,5,-8)],[(6,4,-4),(4,8,-7),(3,4,-7),(4,7,-6),(6,3,-3),(4,5,-5),(3,2,-5),(4,5,-6),(3,2,-6),(4,6,-7),(6,3,-4),(4,7,-9),(3,3,-8),(4,7,-8)],[(6,3,-3),(4,7,-6),(3,4,-6),(4,7,-5),(6,3,-2),(4,6,-3),(3,4,-4),(4,5,-3),(3,3,-4),(4,5,-4),(6,2,-2),(4,4,-5),(3,2,-5),(4,5,-5)],[(6,3,-2),(4,7,-5),(3,5,-6),(4,8,-5),(6,4,-2),(4,9,-4),(3,7,-6),(4,8,-3),(3,6,-5),(4,7,-3),(6,3,-1),(4,5,-2),(3,4,-4),(4,6,-3)],[(6,4,-1),(4,8,-1),(3,7,-4),(4,7,0),(6,3,0),(4,5,1),(3,5,-2),(4,5,0),(3,5,-3),(4,6,-1),(6,3,-1),(4,7,-3),(3,6,-5),(4,7,-2)],[(6,2,2),(4,3,4),(3,5,0),(4,3,3),(6,2,1),(4,4,1),(3,5,-2),(4,5,1),(3,6,-2),(4,5,2),(6,3,1),(4,6,3),(3,7,-1),(4,5,3)],[(6,1,3),(4,1,6),(3,4,2),(4,1,5),(6,1,2),(4,2,3),(3,4,0),(4,3,3),(3,5,0),(4,3,4),(6,2,2),(4,4,5),(3,6,1),(4,3,5)],[(6,0,4),(4,-1,8),(3,3,4),(4,-1,7),(6,0,3),(4,0,5),(3,3,2),(4,1,5),(3,4,2),(4,1,6),(6,1,3),(4,2,7),(3,5,3),(4,1,7)],[(4,-1,6),(3,2,3),(4,0,5),(6,0,3),(4,-1,7),(3,3,4),(4,-1,8),(3,3,5),(4,-2,9),(6,-1,4),(4,-3,8),(3,1,5),(4,-3,7),(6,-1,3)],[(6,0,2),(4,0,5),(3,2,3),(4,-1,6),(6,-1,3),(4,-3,7),(3,0,5),(4,-3,6),(3,0,4),(4,-2,5),(6,-1,2),(4,-1,3),(3,1,2),(4,-1,4)]]
---[11]---
level:102
tile_count:24
start_index:38
direction:ccw
center_tile:[(4,1,-1),(3,0,-1),(4,1,-2),(6,1,-1),(4,2,-1),(3,2,-2),(4,3,-1),(3,3,-2),(4,3,0),(6,1,0),(4,1,1),(3,1,0),(4,0,1),(6,0,0)]
boundary:[[(4,-5,2),(3,-4,3),(4,-4,1),(3,-3,2),(4,-3,0),(6,-2,0),(4,-4,-1),(3,-4,1),(4,-3,-2),(3,-4,0),(4,-3,-3),(6,-1,-2),(4,-2,-5),(3,-4,-2),(4,-1,-5),(3,-3,-2),(4,0,-5),(6,0,-3),(4,1,-7),(3,-2,-4),(4,2,-7),(6,1,-3),(4,3,-6),(3,0,-5),(4,4,-7),(6,2,-4),(4,5,-9),(3,1,-7),(4,5,-8),(6,3,-4),(4,7,-9),(3,3,-8),(4,7,-8),(6,4,-4),(4,8,-7),(3,4,-7),(4,7,-6),(3,4,-6),(4,7,-5),(3,5,-6),(4,8,-5),(6,4,-2),(4,9,-4),(3,7,-6),(4,8,-3),(3,6,-5),(4,7,-2),(6,4,-1),(4,8,-1),(3,7,-4),(4,7,0),(6,3,0),(4,5,1),(3,6,-2),(4,5,2),(6,3,1),(4,6,3),(3,7,-1),(4,5,3),(6,2,2),(4,4,5),(3,6,1),(4,3,5),(6,1,3),(4,2,7),(3,5,3),(4,1,8),(6,0,4),(4,-1,9),(3,3,5),(4,-1,8),(6,-1,4),(4,-2,7),(3,1,5),(4,-3,7),(3,0,5),(4,-3,6),(3,0,4),(4,-2,5),(6,-1,2),(4,-3,4),(3,-1,3),(4,-3,3),(3,-2,3),(4,-4,3),(6,-2,1)]]
constellation:[(3,-2,-1),(3,-2,0),(3,-1,-3),(3,-1,1),(3,0,-4),(3,0,-2),(3,0,-1),(3,0,1),(3,1,-3),(3,1,0),(3,1,2),(3,2,-6),(3,2,-5),(3,2,-2),(3,2,1),(3,2,3),(3,3,-4),(3,3,-2),(3,3,-1),(3,3,2),(3,3,4),(3,4,-4),(3,4,0),(3,4,2),(3,5,-3),(3,5,-2),(3,5,0),(4,-3,1),(4,-2,-1),(4,-2,1),(4,-1,-4),(4,-1,-3),(4,-1,-2),(4,-1,-1),(4,-1,0),(4,-1,1),(4,-1,2),(4,-1,3),(4,-1,4),(4,-1,6),(4,0,-3),(4,0,1),(4,0,3),(4,0,5),(4,0,7),(4,1,-5),(4,1,-4),(4,1,-2),(4,1,-1),(4,1,1),(4,1,3),(4,1,5),(4,1,6),(4,2,-5),(4,2,-3),(4,2,-1),(4,2,1),(4,2,3),(4,3,-5),(4,3,-3),(4,3,-1),(4,3,0),(4,3,2),(4,3,3),(4,3,4),(4,4,-5),(4,4,-3),(4,4,1),(4,5,-6),(4,5,-5),(4,5,-4),(4,5,-3),(4,5,-2),(4,5,-1),(4,5,0),(4,6,-7),(4,6,-3),(4,6,-1),(4,7,-3),(6,-1,-1),(6,-1,0),(6,-1,1),(6,-1,3),(6,0,-2),(6,0,-1),(6,0,0),(6,0,1),(6,0,2),(6,0,3),(6,1,-2),(6,1,-1),(6,1,0),(6,1,1),(6,1,2),(6,2,-3),(6,2,-2),(6,2,-1),(6,2,0),(6,2,1),(6,3,-3),(6,3,-2),(6,3,-1)]
tiles:[[(4,1,-1),(3,0,-1),(4,1,-2),(6,1,-1),(4,2,-1),(3,2,-2),(4,3,-1),(3,3,-2),(4,3,0),(6,1,0),(4,1,1),(3,1,0),(4,0,1),(6,0,0)],[(6,2,-1),(4,3,-1),(3,2,-2),(4,2,-1),(6,1,-1),(4,1,-2),(3,0,-2),(4,2,-3),(3,1,-3),(4,3,-3),(6,2,-2),(4,5,-4),(3,3,-4),(4,4,-3)],[(6,2,0),(4,3,0),(3,3,-2),(4,3,-1),(6,2,-1),(4,4,-3),(3,3,-4),(4,5,-3),(3,4,-4),(4,5,-2),(6,3,-1),(4,6,-1),(3,5,-3),(4,5,-1)],[(6,1,1),(4,1,3),(3,2,1),(4,0,3),(6,0,1),(4,-1,2),(3,0,1),(4,0,1),(3,1,0),(4,1,1),(6,1,0),(4,3,0),(3,3,-1),(4,2,1)],[(6,1,1),(4,2,1),(3,3,-1),(4,3,0),(6,2,0),(4,5,-1),(3,5,-3),(4,5,0),(3,5,-2),(4,4,1),(6,2,1),(4,3,3),(3,4,0),(4,3,2)],[(6,0,-1),(4,1,-2),(3,0,-1),(4,1,-1),(6,0,0),(4,0,1),(3,0,1),(4,-1,1),(3,-1,1),(4,-1,0),(6,-1,0),(4,-2,-1),(3,-2,0),(4,-1,-1)],[(6,1,-2),(4,2,-3),(3,0,-2),(4,1,-2),(6,0,-1),(4,-1,-1),(3,-2,0),(4,-1,-2),(3,-2,-1),(4,0,-3),(6,0,-2),(4,1,-5),(3,-1,-3),(4,1,-4)],[(6,1,2),(4,1,5),(3,3,2),(4,0,5),(6,0,2),(4,-1,4),(3,1,2),(4,0,3),(3,2,1),(4,1,3),(6,1,1),(4,3,2),(3,4,0),(4,2,3)],[(6,2,-2),(4,3,-3),(3,1,-3),(4,2,-3),(6,1,-2),(4,1,-4),(3,-1,-3),(4,2,-5),(3,0,-4),(4,3,-5),(6,2,-3),(4,5,-6),(3,2,-5),(4,4,-5)],[(6,-1,2),(4,-3,4),(3,-1,3),(4,-3,3),(6,-1,1),(4,-2,1),(3,-1,1),(4,-1,1),(3,0,1),(4,-1,2),(6,0,1),(4,0,3),(3,1,2),(4,-1,3)],[(6,-1,1),(4,-3,3),(3,-2,3),(4,-4,3),(6,-2,1),(4,-5,2),(3,-4,3),(4,-4,1),(3,-3,2),(4,-3,1),(6,-1,0),(4,-1,0),(3,-1,1),(4,-2,1)],[(6,-2,0),(4,-4,-1),(3,-4,1),(4,-3,-2),(6,-1,-1),(4,-1,-3),(3,-2,-1),(4,-1,-2),(3,-2,0),(4,-2,-1),(6,-1,0),(4,-3,1),(3,-3,2),(4,-3,0)],[(6,-1,-1),(4,-3,-2),(3,-4,0),(4,-3,-3),(6,-1,-2),(4,-2,-5),(3,-4,-2),(4,-1,-5),(3,-3,-2),(4,-1,-4),(6,0,-2),(4,0,-3),(3,-2,-1),(4,-1,-3)],[(6,0,-3),(4,1,-7),(3,-2,-4),(4,2,-7),(6,1,-3),(4,3,-6),(3,0,-4),(4,2,-5),(3,-1,-3),(4,1,-5),(6,0,-2),(4,-1,-4),(3,-3,-2),(4,0,-5)],[(6,3,-4),(4,6,-7),(3,2,-6),(4,5,-6),(6,2,-3),(4,3,-5),(3,0,-4),(4,3,-6),(3,0,-5),(4,4,-7),(6,2,-4),(4,5,-9),(3,1,-7),(4,5,-8)],[(6,4,-4),(4,8,-7),(3,4,-7),(4,7,-6),(6,3,-3),(4,5,-5),(3,2,-5),(4,5,-6),(3,2,-6),(4,6,-7),(6,3,-4),(4,7,-9),(3,3,-8),(4,7,-8)],[(6,3,-3),(4,7,-6),(3,4,-6),(4,7,-5),(6,3,-2),(4,6,-3),(3,4,-4),(4,5,-3),(3,3,-4),(4,5,-4),(6,2,-2),(4,4,-5),(3,2,-5),(4,5,-5)],[(6,3,-2),(4,7,-5),(3,5,-6),(4,8,-5),(6,4,-2),(4,9,-4),(3,7,-6),(4,8,-3),(3,6,-5),(4,7,-3),(6,3,-1),(4,5,-2),(3,4,-4),(4,6,-3)],[(6,4,-1),(4,8,-1),(3,7,-4),(4,7,0),(6,3,0),(4,5,1),(3,5,-2),(4,5,0),(3,5,-3),(4,6,-1),(6,3,-1),(4,7,-3),(3,6,-5),(4,7,-2)],[(6,2,2),(4,3,4),(3,5,0),(4,3,3),(6,2,1),(4,4,1),(3,5,-2),(4,5,1),(3,6,-2),(4,5,2),(6,3,1),(4,6,3),(3,7,-1),(4,5,3)],[(6,1,3),(4,1,6),(3,4,2),(4,1,5),(6,1,2),(4,2,3),(3,4,0),(4,3,3),(3,5,0),(4,3,4),(6,2,2),(4,4,5),(3,6,1),(4,3,5)],[(6,1,3),(4,2,7),(3,5,3),(4,1,8),(6,0,4),(4,-1,9),(3,3,5),(4,-1,8),(3,3,4),(4,0,7),(6,0,3),(4,1,5),(3,4,2),(4,1,6)],[(4,-2,7),(3,1,5),(4,-3,7),(6,-1,3),(4,-1,6),(3,2,3),(4,0,5),(3,3,2),(4,1,5),(6,0,3),(4,0,7),(3,3,4),(4,-1,8),(6,-1,4)],[(6,0,2),(4,0,5),(3,2,3),(4,-1,6),(6,-1,3),(4,-3,7),(3,0,5),(4,-3,6),(3,0,4),(4,-2,5),(6,-1,2),(4,-1,3),(3,1,2),(4,-1,4)]]
---[12]---
level:99
tile_count:23
start_index:38
direction:ccw
center_tile:[(4,1,-1),(3,0,-1),(4,1,-2),(6,1,-1),(4,2,-1),(3,2,-2),(4,3,-1),(3,3,-2),(4,3,0),(6,1,0),(4,1,1),(3,1,0),(4,0,1),(6,0,0)]
boundary:[[(4,-5,2),(3,-4,3),(4,-4,1),(3,-3,2),(4,-3,0),(6,-2,0),(4,-4,-1),(3,-4,1),(4,-3,-2),(3,-4,0),(4,-3,-3),(6,-1,-2),(4,-2,-5),(3,-4,-2),(4,-1,-5),(3,-3,-2),(4,0,-5),(6,0,-3),(4,1,-7),(3,-2,-4),(4,2,-7),(6,1,-3),(4,3,-6),(3,0,-5),(4,4,-7),(6,2,-4),(4,5,-9),(3,1,-7),(4,5,-8),(6,3,-4),(4,7,-9),(3,3,-8),(4,7,-8),(6,4,-4),(4,8,-7),(3,4,-7),(4,7,-6),(3,4,-6),(4,7,-5),(3,5,-6),(4,8,-5),(6,4,-2),(4,9,-4),(3,7,-6),(4,8,-3),(6,4,-1),(4,9,-2),(3,8,-5),(4,8,-1),(3,7,-4),(4,7,0),(3,7,-3),(4,6,1),(6,3,1),(4,5,3),(6,2,2),(4,4,5),(3,6,1),(4,3,5),(3,5,1),(4,2,5),(6,1,3),(4,1,7),(3,4,3),(4,0,7),(6,0,3),(4,-1,6),(6,-1,3),(4,-3,7),(3,0,5),(4,-3,6),(3,0,4),(4,-2,5),(6,-1,2),(4,-3,4),(3,-1,3),(4,-3,3),(3,-2,3),(4,-4,3),(6,-2,1)]]
constellation:[(3,-2,-1),(3,-2,0),(3,-1,-3),(3,-1,1),(3,0,-4),(3,0,-2),(3,0,-1),(3,0,1),(3,1,-3),(3,1,0),(3,1,2),(3,2,-6),(3,2,-5),(3,2,-2),(3,2,1),(3,2,3),(3,3,-4),(3,3,-2),(3,3,-1),(3,3,2),(3,4,-4),(3,4,0),(3,5,-3),(3,5,-2),(3,6,-5),(3,6,-1),(4,-3,1),(4,-2,-1),(4,-2,1),(4,-1,-4),(4,-1,-3),(4,-1,-2),(4,-1,-1),(4,-1,0),(4,-1,1),(4,-1,2),(4,-1,3),(4,-1,4),(4,0,-3),(4,0,1),(4,0,3),(4,0,5),(4,1,-5),(4,1,-4),(4,1,-2),(4,1,-1),(4,1,1),(4,1,3),(4,1,5),(4,2,-5),(4,2,-3),(4,2,-1),(4,2,1),(4,2,3),(4,3,-5),(4,3,-3),(4,3,-1),(4,3,0),(4,3,2),(4,3,3),(4,3,4),(4,4,-5),(4,4,-3),(4,4,1),(4,5,-6),(4,5,-5),(4,5,-4),(4,5,-3),(4,5,-2),(4,5,-1),(4,5,0),(4,5,2),(4,6,-7),(4,6,-3),(4,6,-1),(4,7,-3),(4,7,-1),(6,-1,-1),(6,-1,0),(6,-1,1),(6,0,-2),(6,0,-1),(6,0,0),(6,0,1),(6,0,2),(6,1,-2),(6,1,-1),(6,1,0),(6,1,1),(6,1,2),(6,2,-3),(6,2,-2),(6,2,-1),(6,2,0),(6,2,1),(6,3,-3),(6,3,-2),(6,3,-1),(6,3,0)]
tiles:[[(4,1,-1),(3,0,-1),(4,1,-2),(6,1,-1),(4,2,-1),(3,2,-2),(4,3,-1),(3,3,-2),(4,3,0),(6,1,0),(4,1,1),(3,1,0),(4,0,1),(6,0,0)],[(6,2,-1),(4,3,-1),(3,2,-2),(4,2,-1),(6,1,-1),(4,1,-2),(3,0,-2),(4,2,-3),(3,1,-3),(4,3,-3),(6,2,-2),(4,5,-4),(3,3,-4),(4,4,-3)],[(6,2,0),(4,3,0),(3,3,-2),(4,3,-1),(6,2,-1),(4,4,-3),(3,3,-4),(4,5,-3),(3,4,-4),(4,5,-2),(6,3,-1),(4,6,-1),(3,5,-3),(4,5,-1)],[(6,1,1),(4,1,3),(3,2,1),(4,0,3),(6,0,1),(4,-1,2),(3,0,1),(4,0,1),(3,1,0),(4,1,1),(6,1,0),(4,3,0),(3,3,-1),(4,2,1)],[(6,1,1),(4,2,1),(3,3,-1),(4,3,0),(6,2,0),(4,5,-1),(3,5,-3),(4,5,0),(3,5,-2),(4,4,1),(6,2,1),(4,3,3),(3,4,0),(4,3,2)],[(6,0,-1),(4,1,-2),(3,0,-1),(4,1,-1),(6,0,0),(4,0,1),(3,0,1),(4,-1,1),(3,-1,1),(4,-1,0),(6,-1,0),(4,-2,-1),(3,-2,0),(4,-1,-1)],[(6,1,-2),(4,2,-3),(3,0,-2),(4,1,-2),(6,0,-1),(4,-1,-1),(3,-2,0),(4,-1,-2),(3,-2,-1),(4,0,-3),(6,0,-2),(4,1,-5),(3,-1,-3),(4,1,-4)],[(6,1,2),(4,1,5),(3,3,2),(4,0,5),(6,0,2),(4,-1,4),(3,1,2),(4,0,3),(3,2,1),(4,1,3),(6,1,1),(4,3,2),(3,4,0),(4,2,3)],[(6,2,-2),(4,3,-3),(3,1,-3),(4,2,-3),(6,1,-2),(4,1,-4),(3,-1,-3),(4,2,-5),(3,0,-4),(4,3,-5),(6,2,-3),(4,5,-6),(3,2,-5),(4,4,-5)],[(6,-1,2),(4,-3,4),(3,-1,3),(4,-3,3),(6,-1,1),(4,-2,1),(3,-1,1),(4,-1,1),(3,0,1),(4,-1,2),(6,0,1),(4,0,3),(3,1,2),(4,-1,3)],[(6,-1,1),(4,-3,3),(3,-2,3),(4,-4,3),(6,-2,1),(4,-5,2),(3,-4,3),(4,-4,1),(3,-3,2),(4,-3,1),(6,-1,0),(4,-1,0),(3,-1,1),(4,-2,1)],[(6,-2,0),(4,-4,-1),(3,-4,1),(4,-3,-2),(6,-1,-1),(4,-1,-3),(3,-2,-1),(4,-1,-2),(3,-2,0),(4,-2,-1),(6,-1,0),(4,-3,1),(3,-3,2),(4,-3,0)],[(6,-1,-1),(4,-3,-2),(3,-4,0),(4,-3,-3),(6,-1,-2),(4,-2,-5),(3,-4,-2),(4,-1,-5),(3,-3,-2),(4,-1,-4),(6,0,-2),(4,0,-3),(3,-2,-1),(4,-1,-3)],[(6,0,-3),(4,1,-7),(3,-2,-4),(4,2,-7),(6,1,-3),(4,3,-6),(3,0,-4),(4,2,-5),(3,-1,-3),(4,1,-5),(6,0,-2),(4,-1,-4),(3,-3,-2),(4,0,-5)],[(6,3,-4),(4,6,-7),(3,2,-6),(4,5,-6),(6,2,-3),(4,3,-5),(3,0,-4),(4,3,-6),(3,0,-5),(4,4,-7),(6,2,-4),(4,5,-9),(3,1,-7),(4,5,-8)],[(6,4,-4),(4,8,-7),(3,4,-7),(4,7,-6),(6,3,-3),(4,5,-5),(3,2,-5),(4,5,-6),(3,2,-6),(4,6,-7),(6,3,-4),(4,7,-9),(3,3,-8),(4,7,-8)],[(6,3,-3),(4,7,-6),(3,4,-6),(4,7,-5),(6,3,-2),(4,6,-3),(3,4,-4),(4,5,-3),(3,3,-4),(4,5,-4),(6,2,-2),(4,4,-5),(3,2,-5),(4,5,-5)],[(6,3,-2),(4,7,-5),(3,5,-6),(4,8,-5),(6,4,-2),(4,9,-4),(3,7,-6),(4,8,-3),(3,6,-5),(4,7,-3),(6,3,-1),(4,5,-2),(3,4,-4),(4,6,-3)],[(6,3,-1),(4,7,-3),(3,6,-5),(4,8,-3),(6,4,-1),(4,9,-2),(3,8,-5),(4,8,-1),(3,7,-4),(4,7,-1),(6,3,0),(4,5,0),(3,5,-3),(4,6,-1)],[(6,2,1),(4,4,1),(3,5,-2),(4,5,0),(6,3,0),(4,7,-1),(3,7,-4),(4,7,0),(3,7,-3),(4,6,1),(6,3,1),(4,5,3),(3,6,-1),(4,5,2)],[(6,2,1),(4,5,2),(3,6,-1),(4,5,3),(6,2,2),(4,4,5),(3,6,1),(4,3,5),(3,5,1),(4,3,4),(6,1,2),(4,2,3),(3,4,0),(4,3,3)],[(6,1,3),(4,1,7),(3,4,3),(4,0,7),(6,0,3),(4,-1,6),(3,2,3),(4,0,5),(3,3,2),(4,1,5),(6,1,2),(4,3,4),(3,5,1),(4,2,5)],[(6,0,2),(4,0,5),(3,2,3),(4,-1,6),(6,-1,3),(4,-3,7),(3,0,5),(4,-3,6),(3,0,4),(4,-2,5),(6,-1,2),(4,-1,3),(3,1,2),(4,-1,4)]]
---[13]---
level:103
tile_count:24
start_index:38
direction:ccw
center_tile:[(4,1,-1),(3,0,-1),(4,1,-2),(6,1,-1),(4,2,-1),(3,2,-2),(4,3,-1),(3,3,-2),(4,3,0),(6,1,0),(4,1,1),(3,1,0),(4,0,1),(6,0,0)]
boundary:[[(4,-5,2),(3,-4,3),(4,-4,1),(3,-3,2),(4,-3,0),(6,-2,0),(4,-4,-1),(3,-4,1),(4,-3,-2),(3,-4,0),(4,-3,-3),(6,-1,-2),(4,-2,-5),(3,-4,-2),(4,-1,-5),(3,-3,-2),(4,0,-5),(6,0,-3),(4,1,-7),(3,-2,-4),(4,2,-7),(6,1,-3),(4,3,-6),(3,0,-5),(4,4,-7),(6,2,-4),(4,5,-9),(3,1,-7),(4,5,-8),(6,3,-4),(4,7,-9),(3,3,-8),(4,7,-8),(6,4,-4),(4,8,-7),(3,4,-7),(4,7,-6),(3,4,-6),(4,7,-5),(3,5,-6),(4,8,-5),(6,4,-2),(4,9,-4),(3,7,-6),(4,8,-3),(6,4,-1),(4,9,-2),(3,8,-5),(4,8,-1),(3,7,-4),(4,7,0),(3,7,-3),(4,6,1),(6,3,1),(4,5,3),(6,2,2),(4,4,5),(3,6,1),(4,3,5),(6,1,3),(4,2,7),(3,5,3),(4,1,7),(6,0,4),(4,-1,8),(3,3,5),(4,-2,9),(6,-1,4),(4,-1,7),(3,2,4),(4,-1,6),(6,-1,3),(4,-3,7),(3,0,5),(4,-3,6),(3,0,4),(4,-2,5),(6,-1,2),(4,-3,4),(3,-1,3),(4,-3,3),(3,-2,3),(4,-4,3),(6,-2,1)]]
constellation:[(3,-2,-1),(3,-2,0),(3,-1,-3),(3,-1,1),(3,0,-4),(3,0,-2),(3,0,-1),(3,0,1),(3,1,-3),(3,1,0),(3,1,2),(3,2,-6),(3,2,-5),(3,2,-2),(3,2,1),(3,2,3),(3,3,-4),(3,3,-2),(3,3,-1),(3,3,2),(3,4,-4),(3,4,0),(3,4,3),(3,5,-3),(3,5,-2),(3,5,1),(3,6,-5),(3,6,-1),(4,-3,1),(4,-2,-1),(4,-2,1),(4,-1,-4),(4,-1,-3),(4,-1,-2),(4,-1,-1),(4,-1,0),(4,-1,1),(4,-1,2),(4,-1,3),(4,-1,4),(4,0,-3),(4,0,1),(4,0,3),(4,0,5),(4,1,-5),(4,1,-4),(4,1,-2),(4,1,-1),(4,1,1),(4,1,3),(4,1,5),(4,1,6),(4,2,-5),(4,2,-3),(4,2,-1),(4,2,1),(4,2,3),(4,3,-5),(4,3,-3),(4,3,-1),(4,3,0),(4,3,2),(4,3,3),(4,3,4),(4,4,-5),(4,4,-3),(4,4,1),(4,5,-6),(4,5,-5),(4,5,-4),(4,5,-3),(4,5,-2),(4,5,-1),(4,5,0),(4,5,2),(4,6,-7),(4,6,-3),(4,6,-1),(4,7,-3),(4,7,-1),(6,-1,-1),(6,-1,0),(6,-1,1),(6,0,-2),(6,0,-1),(6,0,0),(6,0,1),(6,0,2),(6,0,3),(6,1,-2),(6,1,-1),(6,1,0),(6,1,1),(6,1,2),(6,2,-3),(6,2,-2),(6,2,-1),(6,2,0),(6,2,1),(6,3,-3),(6,3,-2),(6,3,-1),(6,3,0)]
tiles:[[(4,1,-1),(3,0,-1),(4,1,-2),(6,1,-1),(4,2,-1),(3,2,-2),(4,3,-1),(3,3,-2),(4,3,0),(6,1,0),(4,1,1),(3,1,0),(4,0,1),(6,0,0)],[(6,2,-1),(4,3,-1),(3,2,-2),(4,2,-1),(6,1,-1),(4,1,-2),(3,0,-2),(4,2,-3),(3,1,-3),(4,3,-3),(6,2,-2),(4,5,-4),(3,3,-4),(4,4,-3)],[(6,2,0),(4,3,0),(3,3,-2),(4,3,-1),(6,2,-1),(4,4,-3),(3,3,-4),(4,5,-3),(3,4,-4),(4,5,-2),(6,3,-1),(4,6,-1),(3,5,-3),(4,5,-1)],[(6,1,1),(4,1,3),(3,2,1),(4,0,3),(6,0,1),(4,-1,2),(3,0,1),(4,0,1),(3,1,0),(4,1,1),(6,1,0),(4,3,0),(3,3,-1),(4,2,1)],[(6,1,1),(4,2,1),(3,3,-1),(4,3,0),(6,2,0),(4,5,-1),(3,5,-3),(4,5,0),(3,5,-2),(4,4,1),(6,2,1),(4,3,3),(3,4,0),(4,3,2)],[(6,0,-1),(4,1,-2),(3,0,-1),(4,1,-1),(6,0,0),(4,0,1),(3,0,1),(4,-1,1),(3,-1,1),(4,-1,0),(6,-1,0),(4,-2,-1),(3,-2,0),(4,-1,-1)],[(6,1,-2),(4,2,-3),(3,0,-2),(4,1,-2),(6,0,-1),(4,-1,-1),(3,-2,0),(4,-1,-2),(3,-2,-1),(4,0,-3),(6,0,-2),(4,1,-5),(3,-1,-3),(4,1,-4)],[(6,1,2),(4,1,5),(3,3,2),(4,0,5),(6,0,2),(4,-1,4),(3,1,2),(4,0,3),(3,2,1),(4,1,3),(6,1,1),(4,3,2),(3,4,0),(4,2,3)],[(6,2,-2),(4,3,-3),(3,1,-3),(4,2,-3),(6,1,-2),(4,1,-4),(3,-1,-3),(4,2,-5),(3,0,-4),(4,3,-5),(6,2,-3),(4,5,-6),(3,2,-5),(4,4,-5)],[(6,-1,2),(4,-3,4),(3,-1,3),(4,-3,3),(6,-1,1),(4,-2,1),(3,-1,1),(4,-1,1),(3,0,1),(4,-1,2),(6,0,1),(4,0,3),(3,1,2),(4,-1,3)],[(6,-1,1),(4,-3,3),(3,-2,3),(4,-4,3),(6,-2,1),(4,-5,2),(3,-4,3),(4,-4,1),(3,-3,2),(4,-3,1),(6,-1,0),(4,-1,0),(3,-1,1),(4,-2,1)],[(6,-2,0),(4,-4,-1),(3,-4,1),(4,-3,-2),(6,-1,-1),(4,-1,-3),(3,-2,-1),(4,-1,-2),(3,-2,0),(4,-2,-1),(6,-1,0),(4,-3,1),(3,-3,2),(4,-3,0)],[(6,-1,-1),(4,-3,-2),(3,-4,0),(4,-3,-3),(6,-1,-2),(4,-2,-5),(3,-4,-2),(4,-1,-5),(3,-3,-2),(4,-1,-4),(6,0,-2),(4,0,-3),(3,-2,-1),(4,-1,-3)],[(6,0,-3),(4,1,-7),(3,-2,-4),(4,2,-7),(6,1,-3),(4,3,-6),(3,0,-4),(4,2,-5),(3,-1,-3),(4,1,-5),(6,0,-2),(4,-1,-4),(3,-3,-2),(4,0,-5)],[(6,3,-4),(4,6,-7),(3,2,-6),(4,5,-6),(6,2,-3),(4,3,-5),(3,0,-4),(4,3,-6),(3,0,-5),(4,4,-7),(6,2,-4),(4,5,-9),(3,1,-7),(4,5,-8)],[(6,4,-4),(4,8,-7),(3,4,-7),(4,7,-6),(6,3,-3),(4,5,-5),(3,2,-5),(4,5,-6),(3,2,-6),(4,6,-7),(6,3,-4),(4,7,-9),(3,3,-8),(4,7,-8)],[(6,3,-3),(4,7,-6),(3,4,-6),(4,7,-5),(6,3,-2),(4,6,-3),(3,4,-4),(4,5,-3),(3,3,-4),(4,5,-4),(6,2,-2),(4,4,-5),(3,2,-5),(4,5,-5)],[(6,3,-2),(4,7,-5),(3,5,-6),(4,8,-5),(6,4,-2),(4,9,-4),(3,7,-6),(4,8,-3),(3,6,-5),(4,7,-3),(6,3,-1),(4,5,-2),(3,4,-4),(4,6,-3)],[(6,3,-1),(4,7,-3),(3,6,-5),(4,8,-3),(6,4,-1),(4,9,-2),(3,8,-5),(4,8,-1),(3,7,-4),(4,7,-1),(6,3,0),(4,5,0),(3,5,-3),(4,6,-1)],[(6,2,1),(4,4,1),(3,5,-2),(4,5,0),(6,3,0),(4,7,-1),(3,7,-4),(4,7,0),(3,7,-3),(4,6,1),(6,3,1),(4,5,3),(3,6,-1),(4,5,2)],[(6,2,1),(4,5,2),(3,6,-1),(4,5,3),(6,2,2),(4,4,5),(3,6,1),(4,3,5),(3,5,1),(4,3,4),(6,1,2),(4,2,3),(3,4,0),(4,3,3)],[(6,1,2),(4,3,4),(3,5,1),(4,3,5),(6,1,3),(4,2,7),(3,5,3),(4,1,7),(3,4,3),(4,1,6),(6,0,3),(4,0,5),(3,3,2),(4,1,5)],[(4,-1,8),(3,3,5),(4,-2,9),(6,-1,4),(4,-1,7),(3,2,4),(4,-1,6),(3,2,3),(4,0,5),(6,0,3),(4,1,6),(3,4,3),(4,1,7),(6,0,4)],[(6,0,2),(4,0,5),(3,2,3),(4,-1,6),(6,-1,3),(4,-3,7),(3,0,5),(4,-3,6),(3,0,4),(4,-2,5),(6,-1,2),(4,-1,3),(3,1,2),(4,-1,4)]]
---[14]---
level:100
tile_count:23
start_index:38
direction:ccw
center_tile:[(4,1,-1),(3,0,-1),(4,1,-2),(6,1,-1),(4,2,-1),(3,2,-2),(4,3,-1),(3,3,-2),(4,3,0),(6,1,0),(4,1,1),(3,1,0),(4,0,1),(6,0,0)]
boundary:[[(4,-5,2),(3,-4,3),(4,-4,1),(3,-3,2),(4,-3,0),(6,-2,0),(4,-4,-1),(3,-4,1),(4,-3,-2),(3,-4,0),(4,-3,-3),(6,-1,-2),(4,-2,-5),(3,-4,-2),(4,-1,-5),(6,0,-3),(4,0,-7),(3,-3,-4),(4,1,-7),(3,-2,-4),(4,2,-7),(3,-1,-5),(4,3,-7),(6,2,-4),(4,5,-8),(6,3,-4),(4,7,-9),(3,3,-8),(4,7,-8),(3,3,-7),(4,6,-7),(6,3,-3),(4,7,-6),(3,4,-6),(4,7,-5),(3,5,-6),(4,8,-5),(6,4,-2),(4,9,-4),(3,7,-6),(4,8,-3),(3,6,-5),(4,7,-2),(6,4,-1),(4,8,-1),(3,7,-4),(4,7,0),(3,7,-3),(4,7,1),(6,3,1),(4,6,3),(3,7,-1),(4,5,3),(6,2,2),(4,4,5),(3,6,1),(4,3,5),(3,5,1),(4,2,5),(6,1,3),(4,1,7),(3,4,3),(4,0,7),(6,0,3),(4,-1,6),(6,-1,3),(4,-3,7),(3,0,5),(4,-3,6),(3,0,4),(4,-2,5),(6,-1,2),(4,-3,4),(3,-1,3),(4,-3,3),(3,-2,3),(4,-4,3),(6,-2,1)]]
constellation:[(3,-3,-2),(3,-2,-1),(3,-2,0),(3,-1,-3),(3,-1,1),(3,0,-4),(3,0,-2),(3,0,-1),(3,0,1),(3,1,-6),(3,1,-3),(3,1,0),(3,1,2),(3,2,-5),(3,2,-2),(3,2,1),(3,2,3),(3,3,-4),(3,3,-2),(3,3,-1),(3,3,2),(3,4,-4),(3,4,0),(3,5,-3),(3,5,-2),(3,6,-1),(4,-3,1),(4,-2,-1),(4,-2,1),(4,-1,-4),(4,-1,-3),(4,-1,-2),(4,-1,-1),(4,-1,0),(4,-1,1),(4,-1,2),(4,-1,3),(4,-1,4),(4,0,-3),(4,0,1),(4,0,3),(4,0,5),(4,1,-6),(4,1,-5),(4,1,-4),(4,1,-2),(4,1,-1),(4,1,1),(4,1,3),(4,1,5),(4,2,-5),(4,2,-3),(4,2,-1),(4,2,1),(4,2,3),(4,3,-5),(4,3,-3),(4,3,-1),(4,3,0),(4,3,2),(4,3,3),(4,3,4),(4,4,-7),(4,4,-5),(4,4,-3),(4,4,1),(4,5,-6),(4,5,-5),(4,5,-4),(4,5,-3),(4,5,-2),(4,5,-1),(4,5,0),(4,5,1),(4,5,2),(4,6,-3),(4,6,-1),(4,7,-3),(6,-1,-1),(6,-1,0),(6,-1,1),(6,0,-2),(6,0,-1),(6,0,0),(6,0,1),(6,0,2),(6,1,-3),(6,1,-2),(6,1,-1),(6,1,0),(6,1,1),(6,1,2),(6,2,-3),(6,2,-2),(6,2,-1),(6,2,0),(6,2,1),(6,3,-2),(6,3,-1),(6,3,0)]
tiles:[[(4,1,-1),(3,0,-1),(4,1,-2),(6,1,-1),(4,2,-1),(3,2,-2),(4,3,-1),(3,3,-2),(4,3,0),(6,1,0),(4,1,1),(3,1,0),(4,0,1),(6,0,0)],[(6,2,-1),(4,3,-1),(3,2,-2),(4,2,-1),(6,1,-1),(4,1,-2),(3,0,-2),(4,2,-3),(3,1,-3),(4,3,-3),(6,2,-2),(4,5,-4),(3,3,-4),(4,4,-3)],[(6,2,0),(4,3,0),(3,3,-2),(4,3,-1),(6,2,-1),(4,4,-3),(3,3,-4),(4,5,-3),(3,4,-4),(4,5,-2),(6,3,-1),(4,6,-1),(3,5,-3),(4,5,-1)],[(6,1,1),(4,1,3),(3,2,1),(4,0,3),(6,0,1),(4,-1,2),(3,0,1),(4,0,1),(3,1,0),(4,1,1),(6,1,0),(4,3,0),(3,3,-1),(4,2,1)],[(6,1,1),(4,2,1),(3,3,-1),(4,3,0),(6,2,0),(4,5,-1),(3,5,-3),(4,5,0),(3,5,-2),(4,4,1),(6,2,1),(4,3,3),(3,4,0),(4,3,2)],[(6,0,-1),(4,1,-2),(3,0,-1),(4,1,-1),(6,0,0),(4,0,1),(3,0,1),(4,-1,1),(3,-1,1),(4,-1,0),(6,-1,0),(4,-2,-1),(3,-2,0),(4,-1,-1)],[(6,1,-2),(4,2,-3),(3,0,-2),(4,1,-2),(6,0,-1),(4,-1,-1),(3,-2,0),(4,-1,-2),(3,-2,-1),(4,0,-3),(6,0,-2),(4,1,-5),(3,-1,-3),(4,1,-4)],[(6,1,2),(4,1,5),(3,3,2),(4,0,5),(6,0,2),(4,-1,4),(3,1,2),(4,0,3),(3,2,1),(4,1,3),(6,1,1),(4,3,2),(3,4,0),(4,2,3)],[(6,2,-2),(4,3,-3),(3,1,-3),(4,2,-3),(6,1,-2),(4,1,-4),(3,-1,-3),(4,2,-5),(3,0,-4),(4,3,-5),(6,2,-3),(4,5,-6),(3,2,-5),(4,4,-5)],[(6,-1,2),(4,-3,4),(3,-1,3),(4,-3,3),(6,-1,1),(4,-2,1),(3,-1,1),(4,-1,1),(3,0,1),(4,-1,2),(6,0,1),(4,0,3),(3,1,2),(4,-1,3)],[(6,-1,1),(4,-3,3),(3,-2,3),(4,-4,3),(6,-2,1),(4,-5,2),(3,-4,3),(4,-4,1),(3,-3,2),(4,-3,1),(6,-1,0),(4,-1,0),(3,-1,1),(4,-2,1)],[(6,-2,0),(4,-4,-1),(3,-4,1),(4,-3,-2),(6,-1,-1),(4,-1,-3),(3,-2,-1),(4,-1,-2),(3,-2,0),(4,-2,-1),(6,-1,0),(4,-3,1),(3,-3,2),(4,-3,0)],[(6,-1,-1),(4,-3,-2),(3,-4,0),(4,-3,-3),(6,-1,-2),(4,-2,-5),(3,-4,-2),(4,-1,-5),(3,-3,-2),(4,-1,-4),(6,0,-2),(4,0,-3),(3,-2,-1),(4,-1,-3)],[(6,0,-2),(4,-1,-4),(3,-3,-2),(4,-1,-5),(6,0,-3),(4,0,-7),(3,-3,-4),(4,1,-7),(3,-2,-4),(4,1,-6),(6,1,-3),(4,2,-5),(3,-1,-3),(4,1,-5)],[(6,2,-3),(4,3,-5),(3,0,-4),(4,2,-5),(6,1,-3),(4,1,-6),(3,-2,-4),(4,2,-7),(3,-1,-5),(4,3,-7),(6,2,-4),(4,5,-8),(3,1,-6),(4,4,-7)],[(6,2,-3),(4,4,-7),(3,1,-6),(4,5,-8),(6,3,-4),(4,7,-9),(3,3,-8),(4,7,-8),(3,3,-7),(4,6,-7),(6,3,-3),(4,5,-5),(3,2,-5),(4,5,-6)],[(6,3,-3),(4,7,-6),(3,4,-6),(4,7,-5),(6,3,-2),(4,6,-3),(3,4,-4),(4,5,-3),(3,3,-4),(4,5,-4),(6,2,-2),(4,4,-5),(3,2,-5),(4,5,-5)],[(6,3,-2),(4,7,-5),(3,5,-6),(4,8,-5),(6,4,-2),(4,9,-4),(3,7,-6),(4,8,-3),(3,6,-5),(4,7,-3),(6,3,-1),(4,5,-2),(3,4,-4),(4,6,-3)],[(6,4,-1),(4,8,-1),(3,7,-4),(4,7,0),(6,3,0),(4,5,1),(3,5,-2),(4,5,0),(3,5,-3),(4,6,-1),(6,3,-1),(4,7,-3),(3,6,-5),(4,7,-2)],[(6,3,0),(4,7,0),(3,7,-3),(4,7,1),(6,3,1),(4,6,3),(3,7,-1),(4,5,3),(3,6,-1),(4,5,2),(6,2,1),(4,4,1),(3,5,-2),(4,5,1)],[(6,2,1),(4,5,2),(3,6,-1),(4,5,3),(6,2,2),(4,4,5),(3,6,1),(4,3,5),(3,5,1),(4,3,4),(6,1,2),(4,2,3),(3,4,0),(4,3,3)],[(6,1,3),(4,1,7),(3,4,3),(4,0,7),(6,0,3),(4,-1,6),(3,2,3),(4,0,5),(3,3,2),(4,1,5),(6,1,2),(4,3,4),(3,5,1),(4,2,5)],[(6,0,2),(4,0,5),(3,2,3),(4,-1,6),(6,-1,3),(4,-3,7),(3,0,5),(4,-3,6),(3,0,4),(4,-2,5),(6,-1,2),(4,-1,3),(3,1,2),(4,-1,4)]]
---[15]---
level:104
tile_count:24
start_index:38
direction:ccw
center_tile:[(4,1,-1),(3,0,-1),(4,1,-2),(6,1,-1),(4,2,-1),(3,2,-2),(4,3,-1),(3,3,-2),(4,3,0),(6,1,0),(4,1,1),(3,1,0),(4,0,1),(6,0,0)]
boundary:[[(4,-5,2),(3,-4,3),(4,-4,1),(3,-3,2),(4,-3,0),(6,-2,0),(4,-4,-1),(3,-4,1),(4,-3,-2),(3,-4,0),(4,-3,-3),(6,-1,-2),(4,-2,-5),(3,-4,-2),(4,-1,-5),(6,0,-3),(4,0,-7),(3,-3,-4),(4,1,-7),(3,-2,-4),(4,2,-7),(3,-1,-5),(4,3,-7),(6,2,-4),(4,5,-8),(6,3,-4),(4,7,-9),(3,3,-8),(4,7,-8),(3,3,-7),(4,6,-7),(6,3,-3),(4,7,-6),(3,4,-6),(4,7,-5),(3,5,-6),(4,8,-5),(6,4,-2),(4,9,-4),(3,7,-6),(4,8,-3),(3,6,-5),(4,7,-2),(6,4,-1),(4,8,-1),(3,7,-4),(4,7,0),(3,7,-3),(4,7,1),(6,3,1),(4,6,3),(3,7,-1),(4,5,3),(6,2,2),(4,4,5),(3,6,1),(4,3,5),(6,1,3),(4,2,7),(3,5,3),(4,1,7),(6,0,4),(4,-1,8),(3,3,5),(4,-2,9),(6,-1,4),(4,-1,7),(3,2,4),(4,-1,6),(6,-1,3),(4,-3,7),(3,0,5),(4,-3,6),(3,0,4),(4,-2,5),(6,-1,2),(4,-3,4),(3,-1,3),(4,-3,3),(3,-2,3),(4,-4,3),(6,-2,1)]]
constellation:[(3,-3,-2),(3,-2,-1),(3,-2,0),(3,-1,-3),(3,-1,1),(3,0,-4),(3,0,-2),(3,0,-1),(3,0,1),(3,1,-6),(3,1,-3),(3,1,0),(3,1,2),(3,2,-5),(3,2,-2),(3,2,1),(3,2,3),(3,3,-4),(3,3,-2),(3,3,-1),(3,3,2),(3,4,-4),(3,4,0),(3,4,3),(3,5,-3),(3,5,-2),(3,5,1),(3,6,-1),(4,-3,1),(4,-2,-1),(4,-2,1),(4,-1,-4),(4,-1,-3),(4,-1,-2),(4,-1,-1),(4,-1,0),(4,-1,1),(4,-1,2),(4,-1,3),(4,-1,4),(4,0,-3),(4,0,1),(4,0,3),(4,0,5),(4,1,-6),(4,1,-5),(4,1,-4),(4,1,-2),(4,1,-1),(4,1,1),(4,1,3),(4,1,5),(4,1,6),(4,2,-5),(4,2,-3),(4,2,-1),(4,2,1),(4,2,3),(4,3,-5),(4,3,-3),(4,3,-1),(4,3,0),(4,3,2),(4,3,3),(4,3,4),(4,4,-7),(4,4,-5),(4,4,-3),(4,4,1),(4,5,-6),(4,5,-5),(4,5,-4),(4,5,-3),(4,5,-2),(4,5,-1),(4,5,0),(4,5,1),(4,5,2),(4,6,-3),(4,6,-1),(4,7,-3),(6,-1,-1),(6,-1,0),(6,-1,1),(6,0,-2),(6,0,-1),(6,0,0),(6,0,1),(6,0,2),(6,0,3),(6,1,-3),(6,1,-2),(6,1,-1),(6,1,0),(6,1,1),(6,1,2),(6,2,-3),(6,2,-2),(6,2,-1),(6,2,0),(6,2,1),(6,3,-2),(6,3,-1),(6,3,0)]
tiles:[[(4,1,-1),(3,0,-1),(4,1,-2),(6,1,-1),(4,2,-1),(3,2,-2),(4,3,-1),(3,3,-2),(4,3,0),(6,1,0),(4,1,1),(3,1,0),(4,0,1),(6,0,0)],[(6,2,-1),(4,3,-1),(3,2,-2),(4,2,-1),(6,1,-1),(4,1,-2),(3,0,-2),(4,2,-3),(3,1,-3),(4,3,-3),(6,2,-2),(4,5,-4),(3,3,-4),(4,4,-3)],[(6,2,0),(4,3,0),(3,3,-2),(4,3,-1),(6,2,-1),(4,4,-3),(3,3,-4),(4,5,-3),(3,4,-4),(4,5,-2),(6,3,-1),(4,6,-1),(3,5,-3),(4,5,-1)],[(6,1,1),(4,1,3),(3,2,1),(4,0,3),(6,0,1),(4,-1,2),(3,0,1),(4,0,1),(3,1,0),(4,1,1),(6,1,0),(4,3,0),(3,3,-1),(4,2,1)],[(6,1,1),(4,2,1),(3,3,-1),(4,3,0),(6,2,0),(4,5,-1),(3,5,-3),(4,5,0),(3,5,-2),(4,4,1),(6,2,1),(4,3,3),(3,4,0),(4,3,2)],[(6,0,-1),(4,1,-2),(3,0,-1),(4,1,-1),(6,0,0),(4,0,1),(3,0,1),(4,-1,1),(3,-1,1),(4,-1,0),(6,-1,0),(4,-2,-1),(3,-2,0),(4,-1,-1)],[(6,1,-2),(4,2,-3),(3,0,-2),(4,1,-2),(6,0,-1),(4,-1,-1),(3,-2,0),(4,-1,-2),(3,-2,-1),(4,0,-3),(6,0,-2),(4,1,-5),(3,-1,-3),(4,1,-4)],[(6,1,2),(4,1,5),(3,3,2),(4,0,5),(6,0,2),(4,-1,4),(3,1,2),(4,0,3),(3,2,1),(4,1,3),(6,1,1),(4,3,2),(3,4,0),(4,2,3)],[(6,2,-2),(4,3,-3),(3,1,-3),(4,2,-3),(6,1,-2),(4,1,-4),(3,-1,-3),(4,2,-5),(3,0,-4),(4,3,-5),(6,2,-3),(4,5,-6),(3,2,-5),(4,4,-5)],[(6,-1,2),(4,-3,4),(3,-1,3),(4,-3,3),(6,-1,1),(4,-2,1),(3,-1,1),(4,-1,1),(3,0,1),(4,-1,2),(6,0,1),(4,0,3),(3,1,2),(4,-1,3)],[(6,-1,1),(4,-3,3),(3,-2,3),(4,-4,3),(6,-2,1),(4,-5,2),(3,-4,3),(4,-4,1),(3,-3,2),(4,-3,1),(6,-1,0),(4,-1,0),(3,-1,1),(4,-2,1)],[(6,-2,0),(4,-4,-1),(3,-4,1),(4,-3,-2),(6,-1,-1),(4,-1,-3),(3,-2,-1),(4,-1,-2),(3,-2,0),(4,-2,-1),(6,-1,0),(4,-3,1),(3,-3,2),(4,-3,0)],[(6,-1,-1),(4,-3,-2),(3,-4,0),(4,-3,-3),(6,-1,-2),(4,-2,-5),(3,-4,-2),(4,-1,-5),(3,-3,-2),(4,-1,-4),(6,0,-2),(4,0,-3),(3,-2,-1),(4,-1,-3)],[(6,0,-2),(4,-1,-4),(3,-3,-2),(4,-1,-5),(6,0,-3),(4,0,-7),(3,-3,-4),(4,1,-7),(3,-2,-4),(4,1,-6),(6,1,-3),(4,2,-5),(3,-1,-3),(4,1,-5)],[(6,2,-3),(4,3,-5),(3,0,-4),(4,2,-5),(6,1,-3),(4,1,-6),(3,-2,-4),(4,2,-7),(3,-1,-5),(4,3,-7),(6,2,-4),(4,5,-8),(3,1,-6),(4,4,-7)],[(6,2,-3),(4,4,-7),(3,1,-6),(4,5,-8),(6,3,-4),(4,7,-9),(3,3,-8),(4,7,-8),(3,3,-7),(4,6,-7),(6,3,-3),(4,5,-5),(3,2,-5),(4,5,-6)],[(6,3,-3),(4,7,-6),(3,4,-6),(4,7,-5),(6,3,-2),(4,6,-3),(3,4,-4),(4,5,-3),(3,3,-4),(4,5,-4),(6,2,-2),(4,4,-5),(3,2,-5),(4,5,-5)],[(6,3,-2),(4,7,-5),(3,5,-6),(4,8,-5),(6,4,-2),(4,9,-4),(3,7,-6),(4,8,-3),(3,6,-5),(4,7,-3),(6,3,-1),(4,5,-2),(3,4,-4),(4,6,-3)],[(6,4,-1),(4,8,-1),(3,7,-4),(4,7,0),(6,3,0),(4,5,1),(3,5,-2),(4,5,0),(3,5,-3),(4,6,-1),(6,3,-1),(4,7,-3),(3,6,-5),(4,7,-2)],[(6,3,0),(4,7,0),(3,7,-3),(4,7,1),(6,3,1),(4,6,3),(3,7,-1),(4,5,3),(3,6,-1),(4,5,2),(6,2,1),(4,4,1),(3,5,-2),(4,5,1)],[(6,2,1),(4,5,2),(3,6,-1),(4,5,3),(6,2,2),(4,4,5),(3,6,1),(4,3,5),(3,5,1),(4,3,4),(6,1,2),(4,2,3),(3,4,0),(4,3,3)],[(6,1,2),(4,3,4),(3,5,1),(4,3,5),(6,1,3),(4,2,7),(3,5,3),(4,1,7),(3,4,3),(4,1,6),(6,0,3),(4,0,5),(3,3,2),(4,1,5)],[(4,-1,8),(3,3,5),(4,-2,9),(6,-1,4),(4,-1,7),(3,2,4),(4,-1,6),(3,2,3),(4,0,5),(6,0,3),(4,1,6),(3,4,3),(4,1,7),(6,0,4)],[(6,0,2),(4,0,5),(3,2,3),(4,-1,6),(6,-1,3),(4,-3,7),(3,0,5),(4,-3,6),(3,0,4),(4,-2,5),(6,-1,2),(4,-1,3),(3,1,2),(4,-1,4)]]
---[16]---
level:104
tile_count:24
start_index:38
direction:ccw
center_tile:[(4,1,-1),(3,0,-1),(4,1,-2),(6,1,-1),(4,2,-1),(3,2,-2),(4,3,-1),(3,3,-2),(4,3,0),(6,1,0),(4,1,1),(3,1,0),(4,0,1),(6,0,0)]
boundary:[[(4,-5,2),(3,-4,3),(4,-4,1),(3,-3,2),(4,-3,0),(6,-2,0),(4,-4,-1),(3,-4,1),(4,-3,-2),(3,-4,0),(4,-3,-3),(6,-1,-2),(4,-2,-5),(3,-4,-2),(4,-1,-5),(6,0,-3),(4,0,-7),(3,-3,-4),(4,1,-7),(3,-2,-4),(4,2,-7),(3,-1,-5),(4,3,-7),(6,2,-4),(4,5,-8),(6,3,-4),(4,7,-9),(3,3,-8),(4,7,-8),(3,3,-7),(4,6,-7),(6,3,-3),(4,7,-6),(3,4,-6),(4,7,-5),(3,5,-6),(4,8,-5),(6,4,-2),(4,9,-4),(3,7,-6),(4,8,-3),(3,6,-5),(4,7,-2),(6,4,-1),(4,8,-1),(3,7,-4),(4,7,0),(6,3,0),(4,5,1),(3,6,-2),(4,5,2),(6,3,1),(4,6,3),(3,7,-1),(4,5,3),(6,2,2),(4,4,5),(3,6,1),(4,3,5),(6,1,3),(4,1,6),(3,4,3),(4,0,7),(6,0,4),(4,-1,9),(3,3,5),(4,-1,8),(6,-1,4),(4,-2,7),(3,1,5),(4,-3,7),(3,0,5),(4,-3,6),(6,-2,3),(4,-4,5),(3,-1,4),(4,-3,4),(3,-1,3),(4,-3,3),(3,-2,3),(4,-4,3),(6,-2,1)]]
constellation:[(3,-3,-2),(3,-2,-1),(3,-2,0),(3,-1,-3),(3,-1,1),(3,0,-4),(3,0,-2),(3,0,-1),(3,0,1),(3,1,-6),(3,1,-3),(3,1,0),(3,1,2),(3,1,3),(3,2,-5),(3,2,-2),(3,2,1),(3,2,4),(3,3,-4),(3,3,-2),(3,3,-1),(3,3,2),(3,4,-4),(3,4,0),(3,4,2),(3,5,-3),(3,5,-2),(3,5,0),(4,-3,1),(4,-2,-1),(4,-2,1),(4,-2,5),(4,-1,-4),(4,-1,-3),(4,-1,-2),(4,-1,-1),(4,-1,0),(4,-1,1),(4,-1,2),(4,-1,3),(4,-1,4),(4,-1,6),(4,0,-3),(4,0,1),(4,0,3),(4,0,5),(4,1,-6),(4,1,-5),(4,1,-4),(4,1,-2),(4,1,-1),(4,1,1),(4,1,3),(4,1,5),(4,2,-5),(4,2,-3),(4,2,-1),(4,2,1),(4,2,3),(4,3,-5),(4,3,-3),(4,3,-1),(4,3,0),(4,3,2),(4,3,3),(4,3,4),(4,4,-7),(4,4,-5),(4,4,-3),(4,4,1),(4,5,-6),(4,5,-5),(4,5,-4),(4,5,-3),(4,5,-2),(4,5,-1),(4,5,0),(4,6,-3),(4,6,-1),(4,7,-3),(6,-1,-1),(6,-1,0),(6,-1,1),(6,-1,2),(6,-1,3),(6,0,-2),(6,0,-1),(6,0,0),(6,0,1),(6,0,2),(6,0,3),(6,1,-3),(6,1,-2),(6,1,-1),(6,1,0),(6,1,1),(6,1,2),(6,2,-3),(6,2,-2),(6,2,-1),(6,2,0),(6,2,1),(6,3,-2),(6,3,-1)]
tiles:[[(4,1,-1),(3,0,-1),(4,1,-2),(6,1,-1),(4,2,-1),(3,2,-2),(4,3,-1),(3,3,-2),(4,3,0),(6,1,0),(4,1,1),(3,1,0),(4,0,1),(6,0,0)],[(6,2,-1),(4,3,-1),(3,2,-2),(4,2,-1),(6,1,-1),(4,1,-2),(3,0,-2),(4,2,-3),(3,1,-3),(4,3,-3),(6,2,-2),(4,5,-4),(3,3,-4),(4,4,-3)],[(6,2,0),(4,3,0),(3,3,-2),(4,3,-1),(6,2,-1),(4,4,-3),(3,3,-4),(4,5,-3),(3,4,-4),(4,5,-2),(6,3,-1),(4,6,-1),(3,5,-3),(4,5,-1)],[(6,1,1),(4,1,3),(3,2,1),(4,0,3),(6,0,1),(4,-1,2),(3,0,1),(4,0,1),(3,1,0),(4,1,1),(6,1,0),(4,3,0),(3,3,-1),(4,2,1)],[(6,1,1),(4,2,1),(3,3,-1),(4,3,0),(6,2,0),(4,5,-1),(3,5,-3),(4,5,0),(3,5,-2),(4,4,1),(6,2,1),(4,3,3),(3,4,0),(4,3,2)],[(6,0,-1),(4,1,-2),(3,0,-1),(4,1,-1),(6,0,0),(4,0,1),(3,0,1),(4,-1,1),(3,-1,1),(4,-1,0),(6,-1,0),(4,-2,-1),(3,-2,0),(4,-1,-1)],[(6,1,-2),(4,2,-3),(3,0,-2),(4,1,-2),(6,0,-1),(4,-1,-1),(3,-2,0),(4,-1,-2),(3,-2,-1),(4,0,-3),(6,0,-2),(4,1,-5),(3,-1,-3),(4,1,-4)],[(6,1,2),(4,1,5),(3,3,2),(4,0,5),(6,0,2),(4,-1,4),(3,1,2),(4,0,3),(3,2,1),(4,1,3),(6,1,1),(4,3,2),(3,4,0),(4,2,3)],[(6,2,-2),(4,3,-3),(3,1,-3),(4,2,-3),(6,1,-2),(4,1,-4),(3,-1,-3),(4,2,-5),(3,0,-4),(4,3,-5),(6,2,-3),(4,5,-6),(3,2,-5),(4,4,-5)],[(6,-1,2),(4,-3,4),(3,-1,3),(4,-3,3),(6,-1,1),(4,-2,1),(3,-1,1),(4,-1,1),(3,0,1),(4,-1,2),(6,0,1),(4,0,3),(3,1,2),(4,-1,3)],[(6,-1,1),(4,-3,3),(3,-2,3),(4,-4,3),(6,-2,1),(4,-5,2),(3,-4,3),(4,-4,1),(3,-3,2),(4,-3,1),(6,-1,0),(4,-1,0),(3,-1,1),(4,-2,1)],[(6,-2,0),(4,-4,-1),(3,-4,1),(4,-3,-2),(6,-1,-1),(4,-1,-3),(3,-2,-1),(4,-1,-2),(3,-2,0),(4,-2,-1),(6,-1,0),(4,-3,1),(3,-3,2),(4,-3,0)],[(6,-1,-1),(4,-3,-2),(3,-4,0),(4,-3,-3),(6,-1,-2),(4,-2,-5),(3,-4,-2),(4,-1,-5),(3,-3,-2),(4,-1,-4),(6,0,-2),(4,0,-3),(3,-2,-1),(4,-1,-3)],[(6,0,-2),(4,-1,-4),(3,-3,-2),(4,-1,-5),(6,0,-3),(4,0,-7),(3,-3,-4),(4,1,-7),(3,-2,-4),(4,1,-6),(6,1,-3),(4,2,-5),(3,-1,-3),(4,1,-5)],[(6,2,-3),(4,3,-5),(3,0,-4),(4,2,-5),(6,1,-3),(4,1,-6),(3,-2,-4),(4,2,-7),(3,-1,-5),(4,3,-7),(6,2,-4),(4,5,-8),(3,1,-6),(4,4,-7)],[(6,2,-3),(4,4,-7),(3,1,-6),(4,5,-8),(6,3,-4),(4,7,-9),(3,3,-8),(4,7,-8),(3,3,-7),(4,6,-7),(6,3,-3),(4,5,-5),(3,2,-5),(4,5,-6)],[(6,3,-3),(4,7,-6),(3,4,-6),(4,7,-5),(6,3,-2),(4,6,-3),(3,4,-4),(4,5,-3),(3,3,-4),(4,5,-4),(6,2,-2),(4,4,-5),(3,2,-5),(4,5,-5)],[(6,3,-2),(4,7,-5),(3,5,-6),(4,8,-5),(6,4,-2),(4,9,-4),(3,7,-6),(4,8,-3),(3,6,-5),(4,7,-3),(6,3,-1),(4,5,-2),(3,4,-4),(4,6,-3)],[(6,4,-1),(4,8,-1),(3,7,-4),(4,7,0),(6,3,0),(4,5,1),(3,5,-2),(4,5,0),(3,5,-3),(4,6,-1),(6,3,-1),(4,7,-3),(3,6,-5),(4,7,-2)],[(6,2,2),(4,3,4),(3,5,0),(4,3,3),(6,2,1),(4,4,1),(3,5,-2),(4,5,1),(3,6,-2),(4,5,2),(6,3,1),(4,6,3),(3,7,-1),(4,5,3)],[(6,1,3),(4,1,6),(3,4,2),(4,1,5),(6,1,2),(4,2,3),(3,4,0),(4,3,3),(3,5,0),(4,3,4),(6,2,2),(4,4,5),(3,6,1),(4,3,5)],[(6,-1,4),(4,-2,7),(3,2,4),(4,-1,6),(6,0,3),(4,1,5),(3,4,2),(4,1,6),(3,4,3),(4,0,7),(6,0,4),(4,-1,9),(3,3,5),(4,-1,8)],[(4,0,5),(3,3,2),(4,1,5),(6,0,3),(4,-1,6),(3,2,4),(4,-2,7),(3,1,5),(4,-3,7),(6,-1,3),(4,-2,5),(3,1,3),(4,-1,4),(6,0,2)],[(6,-2,3),(4,-4,5),(3,-1,4),(4,-3,4),(6,-1,2),(4,-1,3),(3,1,2),(4,-1,4),(3,1,3),(4,-2,5),(6,-1,3),(4,-3,7),(3,0,5),(4,-3,6)]]
---[17]---
level:104
tile_count:24
start_index:38
direction:ccw
center_tile:[(4,1,-1),(3,0,-1),(4,1,-2),(6,1,-1),(4,2,-1),(3,2,-2),(4,3,-1),(3,3,-2),(4,3,0),(6,1,0),(4,1,1),(3,1,0),(4,0,1),(6,0,0)]
boundary:[[(4,-5,2),(3,-4,3),(4,-4,1),(3,-3,2),(4,-3,0),(6,-2,0),(4,-4,-1),(3,-4,1),(4,-3,-2),(3,-4,0),(4,-3,-3),(6,-1,-2),(4,-2,-5),(3,-4,-2),(4,-1,-5),(6,0,-3),(4,0,-7),(3,-3,-4),(4,1,-7),(3,-2,-4),(4,2,-7),(3,-1,-5),(4,3,-7),(6,2,-4),(4,5,-8),(6,3,-4),(4,7,-9),(3,3,-8),(4,7,-8),(3,3,-7),(4,6,-7),(6,3,-3),(4,7,-6),(3,4,-6),(4,7,-5),(3,5,-6),(4,8,-5),(6,4,-2),(4,9,-4),(3,7,-6),(4,8,-3),(3,6,-5),(4,7,-2),(6,4,-1),(4,8,-1),(3,7,-4),(4,7,0),(6,3,0),(4,5,1),(3,6,-2),(4,5,2),(6,3,1),(4,6,3),(3,7,-1),(4,5,3),(6,2,2),(4,4,5),(3,6,1),(4,3,5),(6,1,3),(4,2,7),(3,5,3),(4,1,7),(6,0,4),(4,-1,8),(3,3,5),(4,-2,9),(6,-1,4),(4,-3,8),(3,1,5),(4,-3,7),(3,0,5),(4,-3,6),(3,0,4),(4,-2,5),(6,-1,2),(4,-3,4),(3,-1,3),(4,-3,3),(3,-2,3),(4,-4,3),(6,-2,1)]]
constellation:[(3,-3,-2),(3,-2,-1),(3,-2,0),(3,-1,-3),(3,-1,1),(3,0,-4),(3,0,-2),(3,0,-1),(3,0,1),(3,1,-6),(3,1,-3),(3,1,0),(3,1,2),(3,2,-5),(3,2,-2),(3,2,1),(3,2,3),(3,3,-4),(3,3,-2),(3,3,-1),(3,3,2),(3,3,4),(3,4,-4),(3,4,0),(3,4,2),(3,5,-3),(3,5,-2),(3,5,0),(4,-3,1),(4,-2,-1),(4,-2,1),(4,-1,-4),(4,-1,-3),(4,-1,-2),(4,-1,-1),(4,-1,0),(4,-1,1),(4,-1,2),(4,-1,3),(4,-1,4),(4,-1,6),(4,-1,7),(4,0,-3),(4,0,1),(4,0,3),(4,0,5),(4,1,-6),(4,1,-5),(4,1,-4),(4,1,-2),(4,1,-1),(4,1,1),(4,1,3),(4,1,5),(4,1,6),(4,2,-5),(4,2,-3),(4,2,-1),(4,2,1),(4,2,3),(4,3,-5),(4,3,-3),(4,3,-1),(4,3,0),(4,3,2),(4,3,3),(4,3,4),(4,4,-7),(4,4,-5),(4,4,-3),(4,4,1),(4,5,-6),(4,5,-5),(4,5,-4),(4,5,-3),(4,5,-2),(4,5,-1),(4,5,0),(4,6,-3),(4,6,-1),(4,7,-3),(6,-1,-1),(6,-1,0),(6,-1,1),(6,-1,3),(6,0,-2),(6,0,-1),(6,0,0),(6,0,1),(6,0,2),(6,0,3),(6,1,-3),(6,1,-2),(6,1,-1),(6,1,0),(6,1,1),(6,1,2),(6,2,-3),(6,2,-2),(6,2,-1),(6,2,0),(6,2,1),(6,3,-2),(6,3,-1)]
tiles:[[(4,1,-1),(3,0,-1),(4,1,-2),(6,1,-1),(4,2,-1),(3,2,-2),(4,3,-1),(3,3,-2),(4,3,0),(6,1,0),(4,1,1),(3,1,0),(4,0,1),(6,0,0)],[(6,2,-1),(4,3,-1),(3,2,-2),(4,2,-1),(6,1,-1),(4,1,-2),(3,0,-2),(4,2,-3),(3,1,-3),(4,3,-3),(6,2,-2),(4,5,-4),(3,3,-4),(4,4,-3)],[(6,2,0),(4,3,0),(3,3,-2),(4,3,-1),(6,2,-1),(4,4,-3),(3,3,-4),(4,5,-3),(3,4,-4),(4,5,-2),(6,3,-1),(4,6,-1),(3,5,-3),(4,5,-1)],[(6,1,1),(4,1,3),(3,2,1),(4,0,3),(6,0,1),(4,-1,2),(3,0,1),(4,0,1),(3,1,0),(4,1,1),(6,1,0),(4,3,0),(3,3,-1),(4,2,1)],[(6,1,1),(4,2,1),(3,3,-1),(4,3,0),(6,2,0),(4,5,-1),(3,5,-3),(4,5,0),(3,5,-2),(4,4,1),(6,2,1),(4,3,3),(3,4,0),(4,3,2)],[(6,0,-1),(4,1,-2),(3,0,-1),(4,1,-1),(6,0,0),(4,0,1),(3,0,1),(4,-1,1),(3,-1,1),(4,-1,0),(6,-1,0),(4,-2,-1),(3,-2,0),(4,-1,-1)],[(6,1,-2),(4,2,-3),(3,0,-2),(4,1,-2),(6,0,-1),(4,-1,-1),(3,-2,0),(4,-1,-2),(3,-2,-1),(4,0,-3),(6,0,-2),(4,1,-5),(3,-1,-3),(4,1,-4)],[(6,1,2),(4,1,5),(3,3,2),(4,0,5),(6,0,2),(4,-1,4),(3,1,2),(4,0,3),(3,2,1),(4,1,3),(6,1,1),(4,3,2),(3,4,0),(4,2,3)],[(6,2,-2),(4,3,-3),(3,1,-3),(4,2,-3),(6,1,-2),(4,1,-4),(3,-1,-3),(4,2,-5),(3,0,-4),(4,3,-5),(6,2,-3),(4,5,-6),(3,2,-5),(4,4,-5)],[(6,-1,2),(4,-3,4),(3,-1,3),(4,-3,3),(6,-1,1),(4,-2,1),(3,-1,1),(4,-1,1),(3,0,1),(4,-1,2),(6,0,1),(4,0,3),(3,1,2),(4,-1,3)],[(6,-1,1),(4,-3,3),(3,-2,3),(4,-4,3),(6,-2,1),(4,-5,2),(3,-4,3),(4,-4,1),(3,-3,2),(4,-3,1),(6,-1,0),(4,-1,0),(3,-1,1),(4,-2,1)],[(6,-2,0),(4,-4,-1),(3,-4,1),(4,-3,-2),(6,-1,-1),(4,-1,-3),(3,-2,-1),(4,-1,-2),(3,-2,0),(4,-2,-1),(6,-1,0),(4,-3,1),(3,-3,2),(4,-3,0)],[(6,-1,-1),(4,-3,-2),(3,-4,0),(4,-3,-3),(6,-1,-2),(4,-2,-5),(3,-4,-2),(4,-1,-5),(3,-3,-2),(4,-1,-4),(6,0,-2),(4,0,-3),(3,-2,-1),(4,-1,-3)],[(6,0,-2),(4,-1,-4),(3,-3,-2),(4,-1,-5),(6,0,-3),(4,0,-7),(3,-3,-4),(4,1,-7),(3,-2,-4),(4,1,-6),(6,1,-3),(4,2,-5),(3,-1,-3),(4,1,-5)],[(6,2,-3),(4,3,-5),(3,0,-4),(4,2,-5),(6,1,-3),(4,1,-6),(3,-2,-4),(4,2,-7),(3,-1,-5),(4,3,-7),(6,2,-4),(4,5,-8),(3,1,-6),(4,4,-7)],[(6,2,-3),(4,4,-7),(3,1,-6),(4,5,-8),(6,3,-4),(4,7,-9),(3,3,-8),(4,7,-8),(3,3,-7),(4,6,-7),(6,3,-3),(4,5,-5),(3,2,-5),(4,5,-6)],[(6,3,-3),(4,7,-6),(3,4,-6),(4,7,-5),(6,3,-2),(4,6,-3),(3,4,-4),(4,5,-3),(3,3,-4),(4,5,-4),(6,2,-2),(4,4,-5),(3,2,-5),(4,5,-5)],[(6,3,-2),(4,7,-5),(3,5,-6),(4,8,-5),(6,4,-2),(4,9,-4),(3,7,-6),(4,8,-3),(3,6,-5),(4,7,-3),(6,3,-1),(4,5,-2),(3,4,-4),(4,6,-3)],[(6,4,-1),(4,8,-1),(3,7,-4),(4,7,0),(6,3,0),(4,5,1),(3,5,-2),(4,5,0),(3,5,-3),(4,6,-1),(6,3,-1),(4,7,-3),(3,6,-5),(4,7,-2)],[(6,2,2),(4,3,4),(3,5,0),(4,3,3),(6,2,1),(4,4,1),(3,5,-2),(4,5,1),(3,6,-2),(4,5,2),(6,3,1),(4,6,3),(3,7,-1),(4,5,3)],[(6,1,3),(4,1,6),(3,4,2),(4,1,5),(6,1,2),(4,2,3),(3,4,0),(4,3,3),(3,5,0),(4,3,4),(6,2,2),(4,4,5),(3,6,1),(4,3,5)],[(6,0,4),(4,-1,8),(3,3,4),(4,-1,7),(6,0,3),(4,0,5),(3,3,2),(4,1,5),(3,4,2),(4,1,6),(6,1,3),(4,2,7),(3,5,3),(4,1,7)],[(4,-1,6),(3,2,3),(4,0,5),(6,0,3),(4,-1,7),(3,3,4),(4,-1,8),(3,3,5),(4,-2,9),(6,-1,4),(4,-3,8),(3,1,5),(4,-3,7),(6,-1,3)],[(6,0,2),(4,0,5),(3,2,3),(4,-1,6),(6,-1,3),(4,-3,7),(3,0,5),(4,-3,6),(3,0,4),(4,-2,5),(6,-1,2),(4,-1,3),(3,1,2),(4,-1,4)]]
---[18]---
level:104
tile_count:24
start_index:38
direction:ccw
center_tile:[(4,1,-1),(3,0,-1),(4,1,-2),(6,1,-1),(4,2,-1),(3,2,-2),(4,3,-1),(3,3,-2),(4,3,0),(6,1,0),(4,1,1),(3,1,0),(4,0,1),(6,0,0)]
boundary:[[(4,-5,2),(3,-4,3),(4,-4,1),(3,-3,2),(4,-3,0),(6,-2,0),(4,-4,-1),(3,-4,1),(4,-3,-2),(3,-4,0),(4,-3,-3),(6,-1,-2),(4,-2,-5),(3,-4,-2),(4,-1,-5),(6,0,-3),(4,0,-7),(3,-3,-4),(4,1,-7),(3,-2,-4),(4,2,-7),(3,-1,-5),(4,3,-7),(6,2,-4),(4,5,-8),(6,3,-4),(4,7,-9),(3,3,-8),(4,7,-8),(3,3,-7),(4,6,-7),(6,3,-3),(4,7,-6),(3,4,-6),(4,7,-5),(3,5,-6),(4,8,-5),(6,4,-2),(4,9,-4),(3,7,-6),(4,8,-3),(3,6,-5),(4,7,-2),(6,4,-1),(4,8,-1),(3,7,-4),(4,7,0),(6,3,0),(4,5,1),(3,6,-2),(4,5,2),(6,3,1),(4,6,3),(3,7,-1),(4,5,3),(6,2,2),(4,4,5),(3,6,1),(4,3,5),(6,1,3),(4,2,7),(3,5,3),(4,1,8),(6,0,4),(4,-1,9),(3,3,5),(4,-1,8),(6,-1,4),(4,-2,7),(3,1,5),(4,-3,7),(3,0,5),(4,-3,6),(3,0,4),(4,-2,5),(6,-1,2),(4,-3,4),(3,-1,3),(4,-3,3),(3,-2,3),(4,-4,3),(6,-2,1)]]
constellation:[(3,-3,-2),(3,-2,-1),(3,-2,0),(3,-1,-3),(3,-1,1),(3,0,-4),(3,0,-2),(3,0,-1),(3,0,1),(3,1,-6),(3,1,-3),(3,1,0),(3,1,2),(3,2,-5),(3,2,-2),(3,2,1),(3,2,3),(3,3,-4),(3,3,-2),(3,3,-1),(3,3,2),(3,3,4),(3,4,-4),(3,4,0),(3,4,2),(3,5,-3),(3,5,-2),(3,5,0),(4,-3,1),(4,-2,-1),(4,-2,1),(4,-1,-4),(4,-1,-3),(4,-1,-2),(4,-1,-1),(4,-1,0),(4,-1,1),(4,-1,2),(4,-1,3),(4,-1,4),(4,-1,6),(4,0,-3),(4,0,1),(4,0,3),(4,0,5),(4,0,7),(4,1,-6),(4,1,-5),(4,1,-4),(4,1,-2),(4,1,-1),(4,1,1),(4,1,3),(4,1,5),(4,1,6),(4,2,-5),(4,2,-3),(4,2,-1),(4,2,1),(4,2,3),(4,3,-5),(4,3,-3),(4,3,-1),(4,3,0),(4,3,2),(4,3,3),(4,3,4),(4,4,-7),(4,4,-5),(4,4,-3),(4,4,1),(4,5,-6),(4,5,-5),(4,5,-4),(4,5,-3),(4,5,-2),(4,5,-1),(4,5,0),(4,6,-3),(4,6,-1),(4,7,-3),(6,-1,-1),(6,-1,0),(6,-1,1),(6,-1,3),(6,0,-2),(6,0,-1),(6,0,0),(6,0,1),(6,0,2),(6,0,3),(6,1,-3),(6,1,-2),(6,1,-1),(6,1,0),(6,1,1),(6,1,2),(6,2,-3),(6,2,-2),(6,2,-1),(6,2,0),(6,2,1),(6,3,-2),(6,3,-1)]
tiles:[[(4,1,-1),(3,0,-1),(4,1,-2),(6,1,-1),(4,2,-1),(3,2,-2),(4,3,-1),(3,3,-2),(4,3,0),(6,1,0),(4,1,1),(3,1,0),(4,0,1),(6,0,0)],[(6,2,-1),(4,3,-1),(3,2,-2),(4,2,-1),(6,1,-1),(4,1,-2),(3,0,-2),(4,2,-3),(3,1,-3),(4,3,-3),(6,2,-2),(4,5,-4),(3,3,-4),(4,4,-3)],[(6,2,0),(4,3,0),(3,3,-2),(4,3,-1),(6,2,-1),(4,4,-3),(3,3,-4),(4,5,-3),(3,4,-4),(4,5,-2),(6,3,-1),(4,6,-1),(3,5,-3),(4,5,-1)],[(6,1,1),(4,1,3),(3,2,1),(4,0,3),(6,0,1),(4,-1,2),(3,0,1),(4,0,1),(3,1,0),(4,1,1),(6,1,0),(4,3,0),(3,3,-1),(4,2,1)],[(6,1,1),(4,2,1),(3,3,-1),(4,3,0),(6,2,0),(4,5,-1),(3,5,-3),(4,5,0),(3,5,-2),(4,4,1),(6,2,1),(4,3,3),(3,4,0),(4,3,2)],[(6,0,-1),(4,1,-2),(3,0,-1),(4,1,-1),(6,0,0),(4,0,1),(3,0,1),(4,-1,1),(3,-1,1),(4,-1,0),(6,-1,0),(4,-2,-1),(3,-2,0),(4,-1,-1)],[(6,1,-2),(4,2,-3),(3,0,-2),(4,1,-2),(6,0,-1),(4,-1,-1),(3,-2,0),(4,-1,-2),(3,-2,-1),(4,0,-3),(6,0,-2),(4,1,-5),(3,-1,-3),(4,1,-4)],[(6,1,2),(4,1,5),(3,3,2),(4,0,5),(6,0,2),(4,-1,4),(3,1,2),(4,0,3),(3,2,1),(4,1,3),(6,1,1),(4,3,2),(3,4,0),(4,2,3)],[(6,2,-2),(4,3,-3),(3,1,-3),(4,2,-3),(6,1,-2),(4,1,-4),(3,-1,-3),(4,2,-5),(3,0,-4),(4,3,-5),(6,2,-3),(4,5,-6),(3,2,-5),(4,4,-5)],[(6,-1,2),(4,-3,4),(3,-1,3),(4,-3,3),(6,-1,1),(4,-2,1),(3,-1,1),(4,-1,1),(3,0,1),(4,-1,2),(6,0,1),(4,0,3),(3,1,2),(4,-1,3)],[(6,-1,1),(4,-3,3),(3,-2,3),(4,-4,3),(6,-2,1),(4,-5,2),(3,-4,3),(4,-4,1),(3,-3,2),(4,-3,1),(6,-1,0),(4,-1,0),(3,-1,1),(4,-2,1)],[(6,-2,0),(4,-4,-1),(3,-4,1),(4,-3,-2),(6,-1,-1),(4,-1,-3),(3,-2,-1),(4,-1,-2),(3,-2,0),(4,-2,-1),(6,-1,0),(4,-3,1),(3,-3,2),(4,-3,0)],[(6,-1,-1),(4,-3,-2),(3,-4,0),(4,-3,-3),(6,-1,-2),(4,-2,-5),(3,-4,-2),(4,-1,-5),(3,-3,-2),(4,-1,-4),(6,0,-2),(4,0,-3),(3,-2,-1),(4,-1,-3)],[(6,0,-2),(4,-1,-4),(3,-3,-2),(4,-1,-5),(6,0,-3),(4,0,-7),(3,-3,-4),(4,1,-7),(3,-2,-4),(4,1,-6),(6,1,-3),(4,2,-5),(3,-1,-3),(4,1,-5)],[(6,2,-3),(4,3,-5),(3,0,-4),(4,2,-5),(6,1,-3),(4,1,-6),(3,-2,-4),(4,2,-7),(3,-1,-5),(4,3,-7),(6,2,-4),(4,5,-8),(3,1,-6),(4,4,-7)],[(6,2,-3),(4,4,-7),(3,1,-6),(4,5,-8),(6,3,-4),(4,7,-9),(3,3,-8),(4,7,-8),(3,3,-7),(4,6,-7),(6,3,-3),(4,5,-5),(3,2,-5),(4,5,-6)],[(6,3,-3),(4,7,-6),(3,4,-6),(4,7,-5),(6,3,-2),(4,6,-3),(3,4,-4),(4,5,-3),(3,3,-4),(4,5,-4),(6,2,-2),(4,4,-5),(3,2,-5),(4,5,-5)],[(6,3,-2),(4,7,-5),(3,5,-6),(4,8,-5),(6,4,-2),(4,9,-4),(3,7,-6),(4,8,-3),(3,6,-5),(4,7,-3),(6,3,-1),(4,5,-2),(3,4,-4),(4,6,-3)],[(6,4,-1),(4,8,-1),(3,7,-4),(4,7,0),(6,3,0),(4,5,1),(3,5,-2),(4,5,0),(3,5,-3),(4,6,-1),(6,3,-1),(4,7,-3),(3,6,-5),(4,7,-2)],[(6,2,2),(4,3,4),(3,5,0),(4,3,3),(6,2,1),(4,4,1),(3,5,-2),(4,5,1),(3,6,-2),(4,5,2),(6,3,1),(4,6,3),(3,7,-1),(4,5,3)],[(6,1,3),(4,1,6),(3,4,2),(4,1,5),(6,1,2),(4,2,3),(3,4,0),(4,3,3),(3,5,0),(4,3,4),(6,2,2),(4,4,5),(3,6,1),(4,3,5)],[(6,1,3),(4,2,7),(3,5,3),(4,1,8),(6,0,4),(4,-1,9),(3,3,5),(4,-1,8),(3,3,4),(4,0,7),(6,0,3),(4,1,5),(3,4,2),(4,1,6)],[(4,-2,7),(3,1,5),(4,-3,7),(6,-1,3),(4,-1,6),(3,2,3),(4,0,5),(3,3,2),(4,1,5),(6,0,3),(4,0,7),(3,3,4),(4,-1,8),(6,-1,4)],[(6,0,2),(4,0,5),(3,2,3),(4,-1,6),(6,-1,3),(4,-3,7),(3,0,5),(4,-3,6),(3,0,4),(4,-2,5),(6,-1,2),(4,-1,3),(3,1,2),(4,-1,4)]]
---[19]---
level:100
tile_count:23
start_index:38
direction:ccw
center_tile:[(4,1,-1),(3,0,-1),(4,1,-2),(6,1,-1),(4,2,-1),(3,2,-2),(4,3,-1),(3,3,-2),(4,3,0),(6,1,0),(4,1,1),(3,1,0),(4,0,1),(6,0,0)]
boundary:[[(4,-5,2),(3,-4,3),(4,-4,1),(3,-3,2),(4,-3,0),(6,-2,0),(4,-4,-1),(3,-4,1),(4,-3,-2),(6,-1,-1),(4,-1,-3),(3,-3,-1),(4,-1,-4),(6,-1,-2),(4,-2,-5),(3,-4,-2),(4,-1,-5),(6,0,-3),(4,0,-7),(3,-3,-4),(4,1,-7),(6,1,-4),(4,3,-8),(6,2,-4),(4,4,-7),(3,1,-6),(4,5,-7),(6,3,-4),(4,6,-9),(3,2,-8),(4,7,-9),(3,3,-8),(4,7,-8),(6,4,-4),(4,8,-7),(3,4,-7),(4,7,-6),(3,4,-6),(4,7,-5),(3,5,-6),(4,7,-4),(6,4,-2),(4,8,-3),(6,4,-1),(4,9,-2),(3,8,-5),(4,8,-1),(3,7,-4),(4,7,0),(3,7,-3),(4,6,1),(6,3,1),(4,5,3),(6,2,2),(4,4,5),(3,6,1),(4,3,5),(3,5,1),(4,2,5),(6,1,3),(4,1,7),(3,4,3),(4,0,7),(6,0,3),(4,-1,6),(6,-1,3),(4,-3,7),(3,0,5),(4,-3,6),(3,0,4),(4,-2,5),(6,-1,2),(4,-3,4),(3,-1,3),(4,-3,3),(3,-2,3),(4,-4,3),(6,-2,1)]]
constellation:[(3,-2,-3),(3,-2,-1),(3,-2,0),(3,-1,-5),(3,-1,-3),(3,-1,1),(3,0,-4),(3,0,-2),(3,0,-1),(3,0,1),(3,1,-3),(3,1,0),(3,1,2),(3,2,-6),(3,2,-5),(3,2,-2),(3,2,1),(3,2,3),(3,3,-4),(3,3,-2),(3,3,-1),(3,3,2),(3,4,-4),(3,4,0),(3,5,-3),(3,5,-2),(3,6,-5),(3,6,-1),(4,-3,1),(4,-2,-1),(4,-2,1),(4,-1,-2),(4,-1,-1),(4,-1,0),(4,-1,1),(4,-1,2),(4,-1,3),(4,-1,4),(4,0,-3),(4,0,1),(4,0,3),(4,0,5),(4,1,-6),(4,1,-5),(4,1,-4),(4,1,-2),(4,1,-1),(4,1,1),(4,1,3),(4,1,5),(4,2,-5),(4,2,-3),(4,2,-1),(4,2,1),(4,2,3),(4,3,-7),(4,3,-5),(4,3,-3),(4,3,-1),(4,3,0),(4,3,2),(4,3,3),(4,3,4),(4,4,-5),(4,4,-3),(4,4,1),(4,5,-6),(4,5,-4),(4,5,-3),(4,5,-2),(4,5,-1),(4,5,0),(4,5,2),(4,6,-5),(4,6,-1),(4,7,-7),(4,7,-3),(4,7,-1),(6,-1,0),(6,-1,1),(6,0,-2),(6,0,-1),(6,0,0),(6,0,1),(6,0,2),(6,1,-3),(6,1,-2),(6,1,-1),(6,1,0),(6,1,1),(6,1,2),(6,2,-3),(6,2,-2),(6,2,-1),(6,2,0),(6,2,1),(6,3,-3),(6,3,-2),(6,3,-1),(6,3,0)]
tiles:[[(4,1,-1),(3,0,-1),(4,1,-2),(6,1,-1),(4,2,-1),(3,2,-2),(4,3,-1),(3,3,-2),(4,3,0),(6,1,0),(4,1,1),(3,1,0),(4,0,1),(6,0,0)],[(6,2,-1),(4,3,-1),(3,2,-2),(4,2,-1),(6,1,-1),(4,1,-2),(3,0,-2),(4,2,-3),(3,1,-3),(4,3,-3),(6,2,-2),(4,5,-4),(3,3,-4),(4,4,-3)],[(6,2,0),(4,3,0),(3,3,-2),(4,3,-1),(6,2,-1),(4,4,-3),(3,3,-4),(4,5,-3),(3,4,-4),(4,5,-2),(6,3,-1),(4,6,-1),(3,5,-3),(4,5,-1)],[(6,1,1),(4,1,3),(3,2,1),(4,0,3),(6,0,1),(4,-1,2),(3,0,1),(4,0,1),(3,1,0),(4,1,1),(6,1,0),(4,3,0),(3,3,-1),(4,2,1)],[(6,1,1),(4,2,1),(3,3,-1),(4,3,0),(6,2,0),(4,5,-1),(3,5,-3),(4,5,0),(3,5,-2),(4,4,1),(6,2,1),(4,3,3),(3,4,0),(4,3,2)],[(6,0,-1),(4,1,-2),(3,0,-1),(4,1,-1),(6,0,0),(4,0,1),(3,0,1),(4,-1,1),(3,-1,1),(4,-1,0),(6,-1,0),(4,-2,-1),(3,-2,0),(4,-1,-1)],[(6,1,-2),(4,2,-3),(3,0,-2),(4,1,-2),(6,0,-1),(4,-1,-1),(3,-2,0),(4,-1,-2),(3,-2,-1),(4,0,-3),(6,0,-2),(4,1,-5),(3,-1,-3),(4,1,-4)],[(6,1,2),(4,1,5),(3,3,2),(4,0,5),(6,0,2),(4,-1,4),(3,1,2),(4,0,3),(3,2,1),(4,1,3),(6,1,1),(4,3,2),(3,4,0),(4,2,3)],[(6,2,-2),(4,3,-3),(3,1,-3),(4,2,-3),(6,1,-2),(4,1,-4),(3,-1,-3),(4,2,-5),(3,0,-4),(4,3,-5),(6,2,-3),(4,5,-6),(3,2,-5),(4,4,-5)],[(6,-1,2),(4,-3,4),(3,-1,3),(4,-3,3),(6,-1,1),(4,-2,1),(3,-1,1),(4,-1,1),(3,0,1),(4,-1,2),(6,0,1),(4,0,3),(3,1,2),(4,-1,3)],[(6,-1,1),(4,-3,3),(3,-2,3),(4,-4,3),(6,-2,1),(4,-5,2),(3,-4,3),(4,-4,1),(3,-3,2),(4,-3,1),(6,-1,0),(4,-1,0),(3,-1,1),(4,-2,1)],[(6,-2,0),(4,-4,-1),(3,-4,1),(4,-3,-2),(6,-1,-1),(4,-1,-3),(3,-2,-1),(4,-1,-2),(3,-2,0),(4,-2,-1),(6,-1,0),(4,-3,1),(3,-3,2),(4,-3,0)],[(6,0,-3),(4,1,-6),(3,-2,-3),(4,1,-5),(6,0,-2),(4,0,-3),(3,-2,-1),(4,-1,-3),(3,-3,-1),(4,-1,-4),(6,-1,-2),(4,-2,-5),(3,-4,-2),(4,-1,-5)],[(6,1,-4),(4,3,-8),(3,-1,-5),(4,3,-7),(6,1,-3),(4,2,-5),(3,-1,-3),(4,1,-5),(3,-2,-3),(4,1,-6),(6,0,-3),(4,0,-7),(3,-3,-4),(4,1,-7)],[(4,3,-7),(3,-1,-5),(4,3,-8),(6,2,-4),(4,4,-7),(3,1,-6),(4,5,-7),(3,2,-6),(4,5,-6),(6,2,-3),(4,3,-5),(3,0,-4),(4,2,-5),(6,1,-3)],[(6,3,-3),(4,5,-6),(3,2,-6),(4,5,-7),(6,3,-4),(4,6,-9),(3,2,-8),(4,7,-9),(3,3,-8),(4,7,-8),(6,4,-4),(4,8,-7),(3,4,-7),(4,7,-7)],[(6,2,-2),(4,4,-5),(3,2,-5),(4,5,-6),(6,3,-3),(4,7,-7),(3,4,-7),(4,7,-6),(3,4,-6),(4,6,-5),(6,3,-2),(4,5,-3),(3,3,-4),(4,5,-4)],[(6,3,-1),(4,5,-2),(3,4,-4),(4,5,-3),(6,3,-2),(4,6,-5),(3,4,-6),(4,7,-5),(3,5,-6),(4,7,-4),(6,4,-2),(4,8,-3),(3,6,-5),(4,7,-3)],[(6,3,-1),(4,7,-3),(3,6,-5),(4,8,-3),(6,4,-1),(4,9,-2),(3,8,-5),(4,8,-1),(3,7,-4),(4,7,-1),(6,3,0),(4,5,0),(3,5,-3),(4,6,-1)],[(6,2,1),(4,4,1),(3,5,-2),(4,5,0),(6,3,0),(4,7,-1),(3,7,-4),(4,7,0),(3,7,-3),(4,6,1),(6,3,1),(4,5,3),(3,6,-1),(4,5,2)],[(6,2,1),(4,5,2),(3,6,-1),(4,5,3),(6,2,2),(4,4,5),(3,6,1),(4,3,5),(3,5,1),(4,3,4),(6,1,2),(4,2,3),(3,4,0),(4,3,3)],[(6,1,3),(4,1,7),(3,4,3),(4,0,7),(6,0,3),(4,-1,6),(3,2,3),(4,0,5),(3,3,2),(4,1,5),(6,1,2),(4,3,4),(3,5,1),(4,2,5)],[(6,0,2),(4,0,5),(3,2,3),(4,-1,6),(6,-1,3),(4,-3,7),(3,0,5),(4,-3,6),(3,0,4),(4,-2,5),(6,-1,2),(4,-1,3),(3,1,2),(4,-1,4)]]
---[20]---
level:104
tile_count:24
start_index:38
direction:ccw
center_tile:[(4,1,-1),(3,0,-1),(4,1,-2),(6,1,-1),(4,2,-1),(3,2,-2),(4,3,-1),(3,3,-2),(4,3,0),(6,1,0),(4,1,1),(3,1,0),(4,0,1),(6,0,0)]
boundary:[[(4,-5,2),(3,-4,3),(4,-4,1),(3,-3,2),(4,-3,0),(6,-2,0),(4,-4,-1),(3,-4,1),(4,-3,-2),(6,-1,-1),(4,-1,-3),(3,-3,-1),(4,-1,-4),(6,-1,-2),(4,-2,-5),(3,-4,-2),(4,-1,-5),(6,0,-3),(4,0,-7),(3,-3,-4),(4,1,-7),(6,1,-4),(4,3,-8),(6,2,-4),(4,4,-7),(3,1,-6),(4,5,-7),(6,3,-4),(4,6,-9),(3,2,-8),(4,7,-9),(3,3,-8),(4,7,-8),(6,4,-4),(4,8,-7),(3,4,-7),(4,7,-6),(3,4,-6),(4,7,-5),(3,5,-6),(4,7,-4),(6,4,-2),(4,8,-3),(6,4,-1),(4,9,-2),(3,8,-5),(4,8,-1),(3,7,-4),(4,7,0),(3,7,-3),(4,6,1),(6,3,1),(4,5,3),(6,2,2),(4,4,5),(3,6,1),(4,3,5),(6,1,3),(4,2,7),(3,5,3),(4,1,7),(6,0,4),(4,-1,8),(3,3,5),(4,-2,9),(6,-1,4),(4,-1,7),(3,2,4),(4,-1,6),(6,-1,3),(4,-3,7),(3,0,5),(4,-3,6),(3,0,4),(4,-2,5),(6,-1,2),(4,-3,4),(3,-1,3),(4,-3,3),(3,-2,3),(4,-4,3),(6,-2,1)]]
constellation:[(3,-2,-3),(3,-2,-1),(3,-2,0),(3,-1,-5),(3,-1,-3),(3,-1,1),(3,0,-4),(3,0,-2),(3,0,-1),(3,0,1),(3,1,-3),(3,1,0),(3,1,2),(3,2,-6),(3,2,-5),(3,2,-2),(3,2,1),(3,2,3),(3,3,-4),(3,3,-2),(3,3,-1),(3,3,2),(3,4,-4),(3,4,0),(3,4,3),(3,5,-3),(3,5,-2),(3,5,1),(3,6,-5),(3,6,-1),(4,-3,1),(4,-2,-1),(4,-2,1),(4,-1,-2),(4,-1,-1),(4,-1,0),(4,-1,1),(4,-1,2),(4,-1,3),(4,-1,4),(4,0,-3),(4,0,1),(4,0,3),(4,0,5),(4,1,-6),(4,1,-5),(4,1,-4),(4,1,-2),(4,1,-1),(4,1,1),(4,1,3),(4,1,5),(4,1,6),(4,2,-5),(4,2,-3),(4,2,-1),(4,2,1),(4,2,3),(4,3,-7),(4,3,-5),(4,3,-3),(4,3,-1),(4,3,0),(4,3,2),(4,3,3),(4,3,4),(4,4,-5),(4,4,-3),(4,4,1),(4,5,-6),(4,5,-4),(4,5,-3),(4,5,-2),(4,5,-1),(4,5,0),(4,5,2),(4,6,-5),(4,6,-1),(4,7,-7),(4,7,-3),(4,7,-1),(6,-1,0),(6,-1,1),(6,0,-2),(6,0,-1),(6,0,0),(6,0,1),(6,0,2),(6,0,3),(6,1,-3),(6,1,-2),(6,1,-1),(6,1,0),(6,1,1),(6,1,2),(6,2,-3),(6,2,-2),(6,2,-1),(6,2,0),(6,2,1),(6,3,-3),(6,3,-2),(6,3,-1),(6,3,0)]
tiles:[[(4,1,-1),(3,0,-1),(4,1,-2),(6,1,-1),(4,2,-1),(3,2,-2),(4,3,-1),(3,3,-2),(4,3,0),(6,1,0),(4,1,1),(3,1,0),(4,0,1),(6,0,0)],[(6,2,-1),(4,3,-1),(3,2,-2),(4,2,-1),(6,1,-1),(4,1,-2),(3,0,-2),(4,2,-3),(3,1,-3),(4,3,-3),(6,2,-2),(4,5,-4),(3,3,-4),(4,4,-3)],[(6,2,0),(4,3,0),(3,3,-2),(4,3,-1),(6,2,-1),(4,4,-3),(3,3,-4),(4,5,-3),(3,4,-4),(4,5,-2),(6,3,-1),(4,6,-1),(3,5,-3),(4,5,-1)],[(6,1,1),(4,1,3),(3,2,1),(4,0,3),(6,0,1),(4,-1,2),(3,0,1),(4,0,1),(3,1,0),(4,1,1),(6,1,0),(4,3,0),(3,3,-1),(4,2,1)],[(6,1,1),(4,2,1),(3,3,-1),(4,3,0),(6,2,0),(4,5,-1),(3,5,-3),(4,5,0),(3,5,-2),(4,4,1),(6,2,1),(4,3,3),(3,4,0),(4,3,2)],[(6,0,-1),(4,1,-2),(3,0,-1),(4,1,-1),(6,0,0),(4,0,1),(3,0,1),(4,-1,1),(3,-1,1),(4,-1,0),(6,-1,0),(4,-2,-1),(3,-2,0),(4,-1,-1)],[(6,1,-2),(4,2,-3),(3,0,-2),(4,1,-2),(6,0,-1),(4,-1,-1),(3,-2,0),(4,-1,-2),(3,-2,-1),(4,0,-3),(6,0,-2),(4,1,-5),(3,-1,-3),(4,1,-4)],[(6,1,2),(4,1,5),(3,3,2),(4,0,5),(6,0,2),(4,-1,4),(3,1,2),(4,0,3),(3,2,1),(4,1,3),(6,1,1),(4,3,2),(3,4,0),(4,2,3)],[(6,2,-2),(4,3,-3),(3,1,-3),(4,2,-3),(6,1,-2),(4,1,-4),(3,-1,-3),(4,2,-5),(3,0,-4),(4,3,-5),(6,2,-3),(4,5,-6),(3,2,-5),(4,4,-5)],[(6,-1,2),(4,-3,4),(3,-1,3),(4,-3,3),(6,-1,1),(4,-2,1),(3,-1,1),(4,-1,1),(3,0,1),(4,-1,2),(6,0,1),(4,0,3),(3,1,2),(4,-1,3)],[(6,-1,1),(4,-3,3),(3,-2,3),(4,-4,3),(6,-2,1),(4,-5,2),(3,-4,3),(4,-4,1),(3,-3,2),(4,-3,1),(6,-1,0),(4,-1,0),(3,-1,1),(4,-2,1)],[(6,-2,0),(4,-4,-1),(3,-4,1),(4,-3,-2),(6,-1,-1),(4,-1,-3),(3,-2,-1),(4,-1,-2),(3,-2,0),(4,-2,-1),(6,-1,0),(4,-3,1),(3,-3,2),(4,-3,0)],[(6,0,-3),(4,1,-6),(3,-2,-3),(4,1,-5),(6,0,-2),(4,0,-3),(3,-2,-1),(4,-1,-3),(3,-3,-1),(4,-1,-4),(6,-1,-2),(4,-2,-5),(3,-4,-2),(4,-1,-5)],[(6,1,-4),(4,3,-8),(3,-1,-5),(4,3,-7),(6,1,-3),(4,2,-5),(3,-1,-3),(4,1,-5),(3,-2,-3),(4,1,-6),(6,0,-3),(4,0,-7),(3,-3,-4),(4,1,-7)],[(4,3,-7),(3,-1,-5),(4,3,-8),(6,2,-4),(4,4,-7),(3,1,-6),(4,5,-7),(3,2,-6),(4,5,-6),(6,2,-3),(4,3,-5),(3,0,-4),(4,2,-5),(6,1,-3)],[(6,3,-3),(4,5,-6),(3,2,-6),(4,5,-7),(6,3,-4),(4,6,-9),(3,2,-8),(4,7,-9),(3,3,-8),(4,7,-8),(6,4,-4),(4,8,-7),(3,4,-7),(4,7,-7)],[(6,2,-2),(4,4,-5),(3,2,-5),(4,5,-6),(6,3,-3),(4,7,-7),(3,4,-7),(4,7,-6),(3,4,-6),(4,6,-5),(6,3,-2),(4,5,-3),(3,3,-4),(4,5,-4)],[(6,3,-1),(4,5,-2),(3,4,-4),(4,5,-3),(6,3,-2),(4,6,-5),(3,4,-6),(4,7,-5),(3,5,-6),(4,7,-4),(6,4,-2),(4,8,-3),(3,6,-5),(4,7,-3)],[(6,3,-1),(4,7,-3),(3,6,-5),(4,8,-3),(6,4,-1),(4,9,-2),(3,8,-5),(4,8,-1),(3,7,-4),(4,7,-1),(6,3,0),(4,5,0),(3,5,-3),(4,6,-1)],[(6,2,1),(4,4,1),(3,5,-2),(4,5,0),(6,3,0),(4,7,-1),(3,7,-4),(4,7,0),(3,7,-3),(4,6,1),(6,3,1),(4,5,3),(3,6,-1),(4,5,2)],[(6,2,1),(4,5,2),(3,6,-1),(4,5,3),(6,2,2),(4,4,5),(3,6,1),(4,3,5),(3,5,1),(4,3,4),(6,1,2),(4,2,3),(3,4,0),(4,3,3)],[(6,1,2),(4,3,4),(3,5,1),(4,3,5),(6,1,3),(4,2,7),(3,5,3),(4,1,7),(3,4,3),(4,1,6),(6,0,3),(4,0,5),(3,3,2),(4,1,5)],[(4,-1,8),(3,3,5),(4,-2,9),(6,-1,4),(4,-1,7),(3,2,4),(4,-1,6),(3,2,3),(4,0,5),(6,0,3),(4,1,6),(3,4,3),(4,1,7),(6,0,4)],[(6,0,2),(4,0,5),(3,2,3),(4,-1,6),(6,-1,3),(4,-3,7),(3,0,5),(4,-3,6),(3,0,4),(4,-2,5),(6,-1,2),(4,-1,3),(3,1,2),(4,-1,4)]]
