---[1]---
level:21
tile_count:7
start_index:9
direction:cw
center_tile:[(6,0,0),(4,-1,0),(3,-1,0),(4,-1,-1),(6,0,-1),(4,0,-3),(3,-1,-2),(4,1,-3),(3,0,-2),(4,1,-2),(6,1,-1),(4,2,-1),(3,1,-1),(4,1,-1)]
boundary:[[(4,-3,-2),(3,-4,0),(4,-2,-3),(3,-3,-1),(4,-1,-3),(6,0,-2),(4,0,-5),(3,-2,-3),(4,1,-5),(6,1,-3),(4,3,-6),(3,0,-4),(4,3,-5),(6,1,-2),(4,2,-3),(3,1,-3),(4,3,-3),(6,2,-2),(4,5,-4),(3,3,-4),(4,4,-3),(6,2,-1),(4,5,-2),(3,4,-3),(4,4,-1),(6,2,0),(4,3,1),(3,3,-1),(4,2,1),(3,2,0),(4,1,2),(6,0,1),(4,-1,3),(3,0,2),(4,-1,2),(3,0,1),(4,-1,1),(6,-1,1),(4,-3,2),(3,-2,2),(4,-3,1),(6,-1,0),(4,-2,-1),(6,-1,-1)]]
constellation:[(3,-2,0),(3,-1,-2),(3,-1,0),(3,0,-2),(3,1,-1),(3,2,-2),(4,-1,-1),(4,-1,0),(4,0,-3),(4,0,1),(4,1,-4),(4,1,-3),(4,1,-2),(4,1,-1),(4,1,0),(4,2,-1),(4,3,-1),(6,0,-1),(6,0,0),(6,1,-1),(6,1,0)]
tiles:[[(6,0,0),(4,-1,0),(3,-1,0),(4,-1,-1),(6,0,-1),(4,0,-3),(3,-1,-2),(4,1,-3),(3,0,-2),(4,1,-2),(6,1,-1),(4,2,-1),(3,1,-1),(4,1,-1)],[(6,2,-1),(4,3,-1),(3,2,-2),(4,2,-1),(6,1,-1),(4,1,-2),(3,0,-2),(4,2,-3),(3,1,-3),(4,3,-3),(6,2,-2),(4,5,-4),(3,3,-4),(4,4,-3)],[(6,1,-3),(4,3,-6),(3,0,-4),(4,3,-5),(6,1,-2),(4,2,-3),(3,0,-2),(4,1,-3),(3,-1,-2),(4,1,-4),(6,0,-2),(4,0,-5),(3,-2,-3),(4,1,-5)],[(6,0,-1),(4,-1,-1),(3,-2,0),(4,-2,-1),(6,-1,-1),(4,-3,-2),(3,-4,0),(4,-2,-3),(3,-3,-1),(4,-1,-3),(6,0,-2),(4,1,-4),(3,-1,-2),(4,0,-3)],[(6,-1,1),(4,-3,2),(3,-2,2),(4,-3,1),(6,-1,0),(4,-2,-1),(3,-2,0),(4,-1,-1),(3,-1,0),(4,-1,0),(6,0,0),(4,0,1),(3,0,1),(4,-1,1)],[(6,1,0),(4,2,1),(3,2,0),(4,1,2),(6,0,1),(4,-1,3),(3,0,2),(4,-1,2),(3,0,1),(4,0,1),(6,0,0),(4,1,-1),(3,1,-1),(4,1,0)],[(6,2,0),(4,3,1),(3,3,-1),(4,2,1),(6,1,0),(4,1,0),(3,1,-1),(4,2,-1),(3,2,-2),(4,3,-1),(6,2,-1),(4,5,-2),(3,4,-3),(4,4,-1)]]
---[2]---
level:22
tile_count:7
start_index:9
direction:cw
center_tile:[(6,0,0),(4,-1,0),(3,-1,0),(4,-1,-1),(6,0,-1),(4,0,-3),(3,-1,-2),(4,1,-3),(3,0,-2),(4,1,-2),(6,1,-1),(4,2,-1),(3,1,-1),(4,1,-1)]
boundary:[[(4,-3,-2),(3,-4,0),(4,-2,-3),(3,-3,-1),(4,-1,-3),(6,0,-2),(4,0,-5),(3,-2,-3),(4,1,-5),(6,1,-3),(4,3,-6),(3,0,-4),(4,3,-5),(3,1,-4),(4,4,-5),(6,2,-2),(4,5,-4),(3,3,-4),(4,4,-3),(6,2,-1),(4,5,-2),(3,4,-3),(4,4,-1),(3,3,-2),(4,3,-1),(6,1,0),(4,2,1),(3,2,0),(4,1,2),(6,0,1),(4,-1,3),(3,0,2),(4,-1,2),(3,0,1),(4,-1,1),(6,-1,1),(4,-3,2),(3,-2,2),(4,-3,1),(6,-1,0),(4,-2,-1),(6,-1,-1)]]
constellation:[(3,-2,0),(3,-1,-2),(3,-1,0),(3,0,-2),(3,1,-1),(3,2,-3),(4,-1,-1),(4,-1,0),(4,0,-3),(4,0,1),(4,1,-4),(4,1,-3),(4,1,-2),(4,1,-1),(4,1,0),(4,2,-3),(4,2,-1),(4,3,-3),(6,0,-1),(6,0,0),(6,1,-2),(6,1,-1)]
tiles:[[(6,0,0),(4,-1,0),(3,-1,0),(4,-1,-1),(6,0,-1),(4,0,-3),(3,-1,-2),(4,1,-3),(3,0,-2),(4,1,-2),(6,1,-1),(4,2,-1),(3,1,-1),(4,1,-1)],[(6,1,-2),(4,3,-5),(3,1,-4),(4,4,-5),(6,2,-2),(4,5,-4),(3,3,-4),(4,4,-3),(3,2,-3),(4,3,-3),(6,1,-1),(4,1,-2),(3,0,-2),(4,2,-3)],[(6,1,-3),(4,3,-6),(3,0,-4),(4,3,-5),(6,1,-2),(4,2,-3),(3,0,-2),(4,1,-3),(3,-1,-2),(4,1,-4),(6,0,-2),(4,0,-5),(3,-2,-3),(4,1,-5)],[(6,0,-1),(4,-1,-1),(3,-2,0),(4,-2,-1),(6,-1,-1),(4,-3,-2),(3,-4,0),(4,-2,-3),(3,-3,-1),(4,-1,-3),(6,0,-2),(4,1,-4),(3,-1,-2),(4,0,-3)],[(6,-1,1),(4,-3,2),(3,-2,2),(4,-3,1),(6,-1,0),(4,-2,-1),(3,-2,0),(4,-1,-1),(3,-1,0),(4,-1,0),(6,0,0),(4,0,1),(3,0,1),(4,-1,1)],[(6,1,0),(4,2,1),(3,2,0),(4,1,2),(6,0,1),(4,-1,3),(3,0,2),(4,-1,2),(3,0,1),(4,0,1),(6,0,0),(4,1,-1),(3,1,-1),(4,1,0)],[(6,1,-1),(4,3,-3),(3,2,-3),(4,4,-3),(6,2,-1),(4,5,-2),(3,4,-3),(4,4,-1),(3,3,-2),(4,3,-1),(6,1,0),(4,1,0),(3,1,-1),(4,2,-1)]]
---[3]---
level:22
tile_count:7
start_index:9
direction:cw
center_tile:[(6,0,0),(4,-1,0),(3,-1,0),(4,-1,-1),(6,0,-1),(4,0,-3),(3,-1,-2),(4,1,-3),(3,0,-2),(4,1,-2),(6,1,-1),(4,2,-1),(3,1,-1),(4,1,-1)]
boundary:[[(4,-3,-2),(3,-4,0),(4,-2,-3),(3,-3,-1),(4,-1,-3),(6,0,-2),(4,0,-5),(3,-2,-3),(4,1,-6),(6,1,-3),(4,3,-7),(3,0,-5),(4,3,-6),(3,0,-4),(4,3,-5),(3,1,-4),(4,3,-4),(6,2,-2),(4,4,-3),(6,2,-1),(4,5,-2),(3,4,-3),(4,4,-1),(3,3,-2),(4,3,-1),(6,1,0),(4,2,1),(3,2,0),(4,1,2),(6,0,1),(4,-1,3),(3,0,2),(4,-1,2),(3,0,1),(4,-1,1),(6,-1,1),(4,-3,2),(3,-2,2),(4,-3,1),(6,-1,0),(4,-2,-1),(6,-1,-1)]]
constellation:[(3,-2,0),(3,-1,-2),(3,-1,0),(3,0,-2),(3,1,-1),(3,2,-3),(4,-1,-1),(4,-1,0),(4,0,-3),(4,0,1),(4,1,-4),(4,1,-3),(4,1,-2),(4,1,-1),(4,1,0),(4,2,-5),(4,2,-1),(4,3,-3),(6,0,-1),(6,0,0),(6,1,-2),(6,1,-1)]
tiles:[[(6,0,0),(4,-1,0),(3,-1,0),(4,-1,-1),(6,0,-1),(4,0,-3),(3,-1,-2),(4,1,-3),(3,0,-2),(4,1,-2),(6,1,-1),(4,2,-1),(3,1,-1),(4,1,-1)],[(6,1,-1),(4,1,-2),(3,0,-2),(4,1,-3),(6,1,-2),(4,2,-5),(3,0,-4),(4,3,-5),(3,1,-4),(4,3,-4),(6,2,-2),(4,4,-3),(3,2,-3),(4,3,-3)],[(6,0,-2),(4,0,-5),(3,-2,-3),(4,1,-6),(6,1,-3),(4,3,-7),(3,0,-5),(4,3,-6),(3,0,-4),(4,2,-5),(6,1,-2),(4,1,-3),(3,-1,-2),(4,1,-4)],[(6,0,-1),(4,-1,-1),(3,-2,0),(4,-2,-1),(6,-1,-1),(4,-3,-2),(3,-4,0),(4,-2,-3),(3,-3,-1),(4,-1,-3),(6,0,-2),(4,1,-4),(3,-1,-2),(4,0,-3)],[(6,-1,1),(4,-3,2),(3,-2,2),(4,-3,1),(6,-1,0),(4,-2,-1),(3,-2,0),(4,-1,-1),(3,-1,0),(4,-1,0),(6,0,0),(4,0,1),(3,0,1),(4,-1,1)],[(6,1,0),(4,2,1),(3,2,0),(4,1,2),(6,0,1),(4,-1,3),(3,0,2),(4,-1,2),(3,0,1),(4,0,1),(6,0,0),(4,1,-1),(3,1,-1),(4,1,0)],[(6,1,-1),(4,3,-3),(3,2,-3),(4,4,-3),(6,2,-1),(4,5,-2),(3,4,-3),(4,4,-1),(3,3,-2),(4,3,-1),(6,1,0),(4,1,0),(3,1,-1),(4,2,-1)]]
---[4]---
level:22
tile_count:7
start_index:9
direction:cw
center_tile:[(6,0,0),(4,-1,0),(3,-1,0),(4,-1,-1),(6,0,-1),(4,0,-3),(3,-1,-2),(4,1,-3),(3,0,-2),(4,1,-2),(6,1,-1),(4,2,-1),(3,1,-1),(4,1,-1)]
boundary:[[(4,-3,-2),(3,-4,0),(4,-2,-3),(3,-3,-1),(4,-1,-3),(6,0,-2),(4,1,-4),(3,-1,-3),(4,2,-5),(6,1,-3),(4,3,-7),(3,0,-5),(4,3,-6),(6,2,-3),(4,4,-5),(6,2,-2),(4,3,-3),(3,2,-3),(4,3,-2),(6,2,-1),(4,5,-3),(3,4,-4),(4,5,-2),(3,4,-3),(4,4,-1),(6,2,0),(4,3,1),(3,3,-1),(4,2,1),(3,2,0),(4,1,1),(6,0,1),(4,-1,2),(3,0,1),(4,-1,1),(6,-1,1),(4,-3,2),(3,-2,2),(4,-3,1),(6,-1,0),(4,-2,-1),(6,-1,-1)]]
constellation:[(3,-2,0),(3,-1,-2),(3,-1,0),(3,0,-2),(3,1,-4),(3,1,-1),(3,2,-2),(4,-1,-1),(4,-1,0),(4,0,-3),(4,0,1),(4,1,-3),(4,1,-2),(4,1,-1),(4,2,-1),(4,3,-4),(4,3,0),(6,0,-1),(6,0,0),(6,1,-2),(6,1,-1),(6,1,0)]
tiles:[[(6,0,0),(4,-1,0),(3,-1,0),(4,-1,-1),(6,0,-1),(4,0,-3),(3,-1,-2),(4,1,-3),(3,0,-2),(4,1,-2),(6,1,-1),(4,2,-1),(3,1,-1),(4,1,-1)],[(4,3,-4),(3,1,-4),(4,4,-5),(6,2,-2),(4,3,-3),(3,2,-3),(4,3,-2),(3,2,-2),(4,2,-1),(6,1,-1),(4,1,-2),(3,0,-2),(4,1,-3),(6,1,-2)],[(6,2,-3),(4,4,-5),(3,1,-4),(4,3,-4),(6,1,-2),(4,1,-3),(3,-1,-2),(4,1,-4),(3,-1,-3),(4,2,-5),(6,1,-3),(4,3,-7),(3,0,-5),(4,3,-6)],[(6,0,-1),(4,-1,-1),(3,-2,0),(4,-2,-1),(6,-1,-1),(4,-3,-2),(3,-4,0),(4,-2,-3),(3,-3,-1),(4,-1,-3),(6,0,-2),(4,1,-4),(3,-1,-2),(4,0,-3)],[(6,-1,1),(4,-3,2),(3,-2,2),(4,-3,1),(6,-1,0),(4,-2,-1),(3,-2,0),(4,-1,-1),(3,-1,0),(4,-1,0),(6,0,0),(4,0,1),(3,0,1),(4,-1,1)],[(6,0,0),(4,1,-1),(3,1,-1),(4,2,-1),(6,1,0),(4,3,0),(3,3,-1),(4,2,1),(3,2,0),(4,1,1),(6,0,1),(4,-1,2),(3,0,1),(4,0,1)],[(6,1,0),(4,2,-1),(3,2,-2),(4,3,-2),(6,2,-1),(4,5,-3),(3,4,-4),(4,5,-2),(3,4,-3),(4,4,-1),(6,2,0),(4,3,1),(3,3,-1),(4,3,0)]]
---[5]---
level:22
tile_count:7
start_index:9
direction:cw
center_tile:[(6,0,0),(4,-1,0),(3,-1,0),(4,-1,-1),(6,0,-1),(4,0,-3),(3,-1,-2),(4,1,-3),(3,0,-2),(4,1,-2),(6,1,-1),(4,2,-1),(3,1,-1),(4,1,-1)]
boundary:[[(4,-3,1),(6,-1,0),(4,-2,-1),(3,-2,0),(4,-1,-2),(6,-1,-1),(4,-2,-3),(3,-3,-1),(4,-1,-4),(6,0,-2),(4,1,-5),(3,-1,-3),(4,2,-5),(6,1,-3),(4,3,-7),(3,0,-5),(4,3,-6),(6,2,-3),(4,4,-5),(6,2,-2),(4,3,-3),(3,2,-3),(4,3,-2),(6,2,-1),(4,5,-3),(3,4,-4),(4,5,-2),(3,4,-3),(4,4,-1),(6,2,0),(4,3,1),(3,3,-1),(4,2,1),(3,2,0),(4,1,1),(6,0,1),(4,-1,2),(3,0,1),(4,-1,1),(6,-1,1),(4,-3,2),(3,-2,2)]]
constellation:[(3,-1,-2),(3,-1,0),(3,0,-2),(3,1,-4),(3,1,-1),(3,2,-2),(4,-1,-1),(4,-1,0),(4,0,-3),(4,0,1),(4,1,-4),(4,1,-3),(4,1,-2),(4,1,-1),(4,2,-1),(4,3,-4),(4,3,0),(6,0,-1),(6,0,0),(6,1,-2),(6,1,-1),(6,1,0)]
tiles:[[(6,0,0),(4,-1,0),(3,-1,0),(4,-1,-1),(6,0,-1),(4,0,-3),(3,-1,-2),(4,1,-3),(3,0,-2),(4,1,-2),(6,1,-1),(4,2,-1),(3,1,-1),(4,1,-1)],[(4,3,-4),(3,1,-4),(4,4,-5),(6,2,-2),(4,3,-3),(3,2,-3),(4,3,-2),(3,2,-2),(4,2,-1),(6,1,-1),(4,1,-2),(3,0,-2),(4,1,-3),(6,1,-2)],[(6,2,-3),(4,4,-5),(3,1,-4),(4,3,-4),(6,1,-2),(4,1,-3),(3,-1,-2),(4,1,-4),(3,-1,-3),(4,2,-5),(6,1,-3),(4,3,-7),(3,0,-5),(4,3,-6)],[(6,-1,-1),(4,-2,-3),(3,-3,-1),(4,-1,-4),(6,0,-2),(4,1,-5),(3,-1,-3),(4,1,-4),(3,-1,-2),(4,0,-3),(6,0,-1),(4,-1,-1),(3,-2,0),(4,-1,-2)],[(6,-1,1),(4,-3,2),(3,-2,2),(4,-3,1),(6,-1,0),(4,-2,-1),(3,-2,0),(4,-1,-1),(3,-1,0),(4,-1,0),(6,0,0),(4,0,1),(3,0,1),(4,-1,1)],[(6,0,0),(4,1,-1),(3,1,-1),(4,2,-1),(6,1,0),(4,3,0),(3,3,-1),(4,2,1),(3,2,0),(4,1,1),(6,0,1),(4,-1,2),(3,0,1),(4,0,1)],[(6,1,0),(4,2,-1),(3,2,-2),(4,3,-2),(6,2,-1),(4,5,-3),(3,4,-4),(4,5,-2),(3,4,-3),(4,4,-1),(6,2,0),(4,3,1),(3,3,-1),(4,3,0)]]
---[6]---
level:23
tile_count:7
start_index:9
direction:cw
center_tile:[(6,0,0),(4,-1,0),(3,-1,0),(4,-1,-1),(6,0,-1),(4,0,-3),(3,-1,-2),(4,1,-3),(3,0,-2),(4,1,-2),(6,1,-1),(4,2,-1),(3,1,-1),(4,1,-1)]
boundary:[[(4,-3,-3),(6,-1,-2),(4,-1,-4),(3,-3,-2),(4,0,-5),(3,-2,-3),(4,1,-6),(6,1,-3),(4,2,-5),(3,0,-4),(4,3,-5),(3,1,-4),(4,4,-5),(6,2,-2),(4,3,-3),(3,2,-3),(4,3,-2),(6,2,-1),(4,4,-1),(3,4,-3),(4,5,-1),(6,2,0),(4,3,0),(3,3,-1),(4,2,1),(3,2,0),(4,1,2),(6,0,1),(4,0,1),(3,0,1),(4,-1,1),(3,-1,1),(4,-2,1),(6,-1,0),(4,-3,0),(3,-3,1),(4,-3,-1),(6,-1,-1),(4,-2,-3),(3,-4,0)]]
constellation:[(3,-2,-1),(3,-1,-2),(3,-1,0),(3,0,-2),(3,1,-1),(3,2,-2),(4,-1,-2),(4,-1,-1),(4,-1,0),(4,0,-3),(4,1,-5),(4,1,-3),(4,1,-2),(4,1,-1),(4,1,1),(4,2,-1),(4,3,-4),(6,0,-2),(6,0,-1),(6,0,0),(6,1,-2),(6,1,-1),(6,1,0)]
tiles:[[(6,0,0),(4,-1,0),(3,-1,0),(4,-1,-1),(6,0,-1),(4,0,-3),(3,-1,-2),(4,1,-3),(3,0,-2),(4,1,-2),(6,1,-1),(4,2,-1),(3,1,-1),(4,1,-1)],[(4,3,-4),(3,1,-4),(4,4,-5),(6,2,-2),(4,3,-3),(3,2,-3),(4,3,-2),(3,2,-2),(4,2,-1),(6,1,-1),(4,1,-2),(3,0,-2),(4,1,-3),(6,1,-2)],[(4,1,-5),(3,-2,-3),(4,1,-6),(6,1,-3),(4,2,-5),(3,0,-4),(4,3,-5),(3,1,-4),(4,3,-4),(6,1,-2),(4,1,-3),(3,-1,-2),(4,0,-3),(6,0,-2)],[(4,-1,-2),(3,-2,-1),(4,0,-3),(6,0,-1),(4,-1,-1),(3,-1,0),(4,-1,0),(3,-1,1),(4,-2,1),(6,-1,0),(4,-3,0),(3,-3,1),(4,-3,-1),(6,-1,-1)],[(4,-2,-3),(3,-4,0),(4,-3,-3),(6,-1,-2),(4,-1,-4),(3,-3,-2),(4,0,-5),(3,-2,-3),(4,1,-5),(6,0,-2),(4,0,-3),(3,-2,-1),(4,-1,-2),(6,-1,-1)],[(4,1,1),(3,2,0),(4,1,2),(6,0,1),(4,0,1),(3,0,1),(4,-1,1),(3,-1,1),(4,-1,0),(6,0,0),(4,1,-1),(3,1,-1),(4,2,-1),(6,1,0)],[(4,4,-1),(3,4,-3),(4,5,-1),(6,2,0),(4,3,0),(3,3,-1),(4,2,1),(3,2,0),(4,1,1),(6,1,0),(4,2,-1),(3,2,-2),(4,3,-2),(6,2,-1)]]
---[7]---
level:24
tile_count:7
start_index:9
direction:cw
center_tile:[(6,0,0),(4,-1,0),(3,-1,0),(4,-1,-1),(6,0,-1),(4,0,-3),(3,-1,-2),(4,1,-3),(3,0,-2),(4,1,-2),(6,1,-1),(4,2,-1),(3,1,-1),(4,1,-1)]
boundary:[[(3,-4,1),(4,-3,-2),(3,-4,0),(4,-2,-3),(6,-1,-2),(4,-1,-5),(3,-3,-2),(4,0,-5),(3,-2,-3),(4,1,-5),(6,1,-3),(4,3,-6),(3,0,-4),(4,3,-5),(3,1,-4),(4,3,-4),(6,2,-2),(4,4,-3),(3,2,-3),(4,3,-2),(6,2,-1),(4,4,-1),(3,3,-2),(4,3,0),(6,1,0),(4,1,1),(3,1,0),(4,0,1),(6,0,1),(4,-1,3),(3,0,2),(4,-1,2),(6,-1,1),(4,-2,1),(6,-1,0),(4,-3,0),(3,-3,1),(4,-3,-1)]]
constellation:[(3,-2,-1),(3,-1,-2),(3,-1,0),(3,-1,1),(3,0,-2),(3,1,-1),(4,-1,-4),(4,-1,-2),(4,-1,-1),(4,-1,0),(4,0,-3),(4,1,-3),(4,1,-2),(4,1,-1),(4,1,0),(4,2,-5),(4,2,-1),(4,3,-3),(6,-1,-1),(6,0,-2),(6,0,-1),(6,0,0),(6,1,-2),(6,1,-1)]
tiles:[[(6,0,0),(4,-1,0),(3,-1,0),(4,-1,-1),(6,0,-1),(4,0,-3),(3,-1,-2),(4,1,-3),(3,0,-2),(4,1,-2),(6,1,-1),(4,2,-1),(3,1,-1),(4,1,-1)],[(6,1,-1),(4,1,-2),(3,0,-2),(4,1,-3),(6,1,-2),(4,2,-5),(3,0,-4),(4,3,-5),(3,1,-4),(4,3,-4),(6,2,-2),(4,4,-3),(3,2,-3),(4,3,-3)],[(6,1,-2),(4,1,-3),(3,-1,-2),(4,0,-3),(6,0,-2),(4,-1,-4),(3,-3,-2),(4,0,-5),(3,-2,-3),(4,1,-5),(6,1,-3),(4,3,-6),(3,0,-4),(4,2,-5)],[(4,-1,-2),(3,-2,-1),(4,0,-3),(6,0,-1),(4,-1,-1),(3,-1,0),(4,-1,0),(3,-1,1),(4,-2,1),(6,-1,0),(4,-3,0),(3,-3,1),(4,-3,-1),(6,-1,-1)],[(6,0,-2),(4,0,-3),(3,-2,-1),(4,-1,-2),(6,-1,-1),(4,-3,-1),(3,-4,1),(4,-3,-2),(3,-4,0),(4,-2,-3),(6,-1,-2),(4,-1,-5),(3,-3,-2),(4,-1,-4)],[(6,-1,1),(4,-2,1),(3,-1,1),(4,-1,0),(6,0,0),(4,1,-1),(3,1,-1),(4,1,0),(3,1,0),(4,0,1),(6,0,1),(4,-1,3),(3,0,2),(4,-1,2)],[(6,2,-1),(4,4,-1),(3,3,-2),(4,3,0),(6,1,0),(4,1,1),(3,1,0),(4,1,0),(3,1,-1),(4,2,-1),(6,1,-1),(4,3,-3),(3,2,-3),(4,3,-2)]]
---[8]---
level:24
tile_count:7
start_index:9
direction:cw
center_tile:[(6,0,0),(4,-1,0),(3,-1,0),(4,-1,-1),(6,0,-1),(4,0,-3),(3,-1,-2),(4,1,-3),(3,0,-2),(4,1,-2),(6,1,-1),(4,2,-1),(3,1,-1),(4,1,-1)]
boundary:[[(3,-4,1),(4,-3,-2),(3,-4,0),(4,-2,-3),(6,-1,-2),(4,-1,-5),(3,-3,-2),(4,0,-5),(3,-2,-3),(4,1,-5),(6,1,-3),(4,3,-6),(3,0,-4),(4,3,-5),(3,1,-4),(4,3,-4),(6,2,-2),(4,4,-3),(6,2,-1),(4,5,-2),(3,4,-3),(4,4,-1),(3,3,-2),(4,3,-1),(6,1,0),(4,1,0),(3,1,0),(4,0,1),(6,0,1),(4,-1,3),(3,0,2),(4,-1,2),(6,-1,1),(4,-2,1),(6,-1,0),(4,-3,0),(3,-3,1),(4,-3,-1)]]
constellation:[(3,-2,-1),(3,-1,-2),(3,-1,0),(3,-1,1),(3,0,-2),(3,1,-1),(3,2,-3),(4,-1,-4),(4,-1,-2),(4,-1,-1),(4,-1,0),(4,0,-3),(4,1,-3),(4,1,-2),(4,1,-1),(4,2,-5),(4,2,-1),(4,3,-3),(6,-1,-1),(6,0,-2),(6,0,-1),(6,0,0),(6,1,-2),(6,1,-1)]
tiles:[[(6,0,0),(4,-1,0),(3,-1,0),(4,-1,-1),(6,0,-1),(4,0,-3),(3,-1,-2),(4,1,-3),(3,0,-2),(4,1,-2),(6,1,-1),(4,2,-1),(3,1,-1),(4,1,-1)],[(6,1,-1),(4,1,-2),(3,0,-2),(4,1,-3),(6,1,-2),(4,2,-5),(3,0,-4),(4,3,-5),(3,1,-4),(4,3,-4),(6,2,-2),(4,4,-3),(3,2,-3),(4,3,-3)],[(6,1,-2),(4,1,-3),(3,-1,-2),(4,0,-3),(6,0,-2),(4,-1,-4),(3,-3,-2),(4,0,-5),(3,-2,-3),(4,1,-5),(6,1,-3),(4,3,-6),(3,0,-4),(4,2,-5)],[(4,-1,-2),(3,-2,-1),(4,0,-3),(6,0,-1),(4,-1,-1),(3,-1,0),(4,-1,0),(3,-1,1),(4,-2,1),(6,-1,0),(4,-3,0),(3,-3,1),(4,-3,-1),(6,-1,-1)],[(6,0,-2),(4,0,-3),(3,-2,-1),(4,-1,-2),(6,-1,-1),(4,-3,-1),(3,-4,1),(4,-3,-2),(3,-4,0),(4,-2,-3),(6,-1,-2),(4,-1,-5),(3,-3,-2),(4,-1,-4)],[(6,-1,1),(4,-2,1),(3,-1,1),(4,-1,0),(6,0,0),(4,1,-1),(3,1,-1),(4,1,0),(3,1,0),(4,0,1),(6,0,1),(4,-1,3),(3,0,2),(4,-1,2)],[(6,1,-1),(4,3,-3),(3,2,-3),(4,4,-3),(6,2,-1),(4,5,-2),(3,4,-3),(4,4,-1),(3,3,-2),(4,3,-1),(6,1,0),(4,1,0),(3,1,-1),(4,2,-1)]]
---[9]---
level:25
tile_count:8
start_index:9
direction:cw
center_tile:[(6,0,0),(4,-1,0),(3,-1,0),(4,-1,-1),(6,0,-1),(4,0,-3),(3,-1,-2),(4,1,-3),(3,0,-2),(4,1,-2),(6,1,-1),(4,2,-1),(3,1,-1),(4,1,-1)]
boundary:[[(4,-5,1),(6,-2,0),(4,-3,0),(3,-3,1),(4,-2,-1),(6,-1,-1),(4,-3,-2),(3,-4,0),(4,-2,-3),(3,-3,-1),(4,-1,-3),(6,0,-2),(4,0,-5),(3,-2,-3),(4,1,-5),(6,1,-3),(4,3,-6),(3,0,-4),(4,3,-5),(6,1,-2),(4,2,-3),(3,1,-3),(4,3,-3),(6,2,-2),(4,5,-4),(3,3,-4),(4,4,-3),(6,2,-1),(4,5,-2),(3,4,-3),(4,4,-1),(6,2,0),(4,3,1),(3,3,-1),(4,2,1),(3,2,0),(4,1,2),(6,0,1),(4,-1,3),(3,0,2),(4,-1,2),(6,-1,1),(4,-3,3),(3,-2,3),(4,-3,2),(6,-2,1),(4,-4,1),(3,-4,3)]]
constellation:[(3,-2,0),(3,-2,2),(3,-1,-2),(3,-1,0),(3,0,-2),(3,0,1),(3,1,-1),(3,2,-2),(4,-2,1),(4,-1,-1),(4,-1,0),(4,0,-3),(4,0,1),(4,1,-4),(4,1,-3),(4,1,-2),(4,1,-1),(4,1,0),(4,2,-1),(4,3,-1),(6,-1,0),(6,0,-1),(6,0,0),(6,1,-1),(6,1,0)]
tiles:[[(6,0,0),(4,-1,0),(3,-1,0),(4,-1,-1),(6,0,-1),(4,0,-3),(3,-1,-2),(4,1,-3),(3,0,-2),(4,1,-2),(6,1,-1),(4,2,-1),(3,1,-1),(4,1,-1)],[(6,2,-1),(4,3,-1),(3,2,-2),(4,2,-1),(6,1,-1),(4,1,-2),(3,0,-2),(4,2,-3),(3,1,-3),(4,3,-3),(6,2,-2),(4,5,-4),(3,3,-4),(4,4,-3)],[(6,1,-3),(4,3,-6),(3,0,-4),(4,3,-5),(6,1,-2),(4,2,-3),(3,0,-2),(4,1,-3),(3,-1,-2),(4,1,-4),(6,0,-2),(4,0,-5),(3,-2,-3),(4,1,-5)],[(6,0,-1),(4,-1,-1),(3,-2,0),(4,-2,-1),(6,-1,-1),(4,-3,-2),(3,-4,0),(4,-2,-3),(3,-3,-1),(4,-1,-3),(6,0,-2),(4,1,-4),(3,-1,-2),(4,0,-3)],[(6,0,0),(4,0,1),(3,0,1),(4,-1,2),(6,-1,1),(4,-3,3),(3,-2,3),(4,-3,2),(3,-2,2),(4,-2,1),(6,-1,0),(4,-1,-1),(3,-1,0),(4,-1,0)],[(4,-4,1),(3,-4,3),(4,-5,1),(6,-2,0),(4,-3,0),(3,-3,1),(4,-2,-1),(3,-2,0),(4,-1,-1),(6,-1,0),(4,-2,1),(3,-2,2),(4,-3,2),(6,-2,1)],[(6,1,0),(4,2,1),(3,2,0),(4,1,2),(6,0,1),(4,-1,3),(3,0,2),(4,-1,2),(3,0,1),(4,0,1),(6,0,0),(4,1,-1),(3,1,-1),(4,1,0)],[(6,2,0),(4,3,1),(3,3,-1),(4,2,1),(6,1,0),(4,1,0),(3,1,-1),(4,2,-1),(3,2,-2),(4,3,-1),(6,2,-1),(4,5,-2),(3,4,-3),(4,4,-1)]]
---[10]---
level:25
tile_count:8
start_index:9
direction:cw
center_tile:[(6,0,0),(4,-1,0),(3,-1,0),(4,-1,-1),(6,0,-1),(4,0,-3),(3,-1,-2),(4,1,-3),(3,0,-2),(4,1,-2),(6,1,-1),(4,2,-1),(3,1,-1),(4,1,-1)]
boundary:[[(4,-5,1),(6,-2,0),(4,-4,-1),(3,-4,1),(4,-3,-2),(3,-4,0),(4,-2,-3),(3,-3,-1),(4,-1,-3),(6,0,-2),(4,0,-5),(3,-2,-3),(4,1,-5),(6,1,-3),(4,3,-6),(3,0,-4),(4,3,-5),(6,1,-2),(4,2,-3),(3,1,-3),(4,3,-3),(6,2,-2),(4,5,-4),(3,3,-4),(4,4,-3),(6,2,-1),(4,5,-2),(3,4,-3),(4,4,-1),(6,2,0),(4,3,1),(3,3,-1),(4,2,1),(6,1,0),(4,1,0),(3,1,0),(4,0,1),(6,0,1),(4,-1,3),(3,0,2),(4,-1,2),(6,-1,1),(4,-3,3),(3,-2,3),(4,-3,2),(6,-2,1),(4,-4,1),(3,-4,3)]]
constellation:[(3,-3,2),(3,-2,0),(3,-1,-2),(3,-1,0),(3,-1,1),(3,0,-2),(3,1,-1),(3,2,-2),(4,-3,0),(4,-2,-1),(4,-2,1),(4,-1,-1),(4,-1,0),(4,0,-3),(4,1,-4),(4,1,-3),(4,1,-2),(4,1,-1),(4,2,-1),(4,3,-1),(6,-1,-1),(6,-1,0),(6,0,-1),(6,0,0),(6,1,-1)]
tiles:[[(6,0,0),(4,-1,0),(3,-1,0),(4,-1,-1),(6,0,-1),(4,0,-3),(3,-1,-2),(4,1,-3),(3,0,-2),(4,1,-2),(6,1,-1),(4,2,-1),(3,1,-1),(4,1,-1)],[(6,2,-1),(4,3,-1),(3,2,-2),(4,2,-1),(6,1,-1),(4,1,-2),(3,0,-2),(4,2,-3),(3,1,-3),(4,3,-3),(6,2,-2),(4,5,-4),(3,3,-4),(4,4,-3)],[(6,1,-3),(4,3,-6),(3,0,-4),(4,3,-5),(6,1,-2),(4,2,-3),(3,0,-2),(4,1,-3),(3,-1,-2),(4,1,-4),(6,0,-2),(4,0,-5),(3,-2,-3),(4,1,-5)],[(6,0,-1),(4,-1,-1),(3,-2,0),(4,-2,-1),(6,-1,-1),(4,-3,-2),(3,-4,0),(4,-2,-3),(3,-3,-1),(4,-1,-3),(6,0,-2),(4,1,-4),(3,-1,-2),(4,0,-3)],[(6,-2,1),(4,-4,1),(3,-3,2),(4,-3,0),(6,-1,0),(4,-1,-1),(3,-1,0),(4,-1,0),(3,-1,1),(4,-2,1),(6,-1,1),(4,-3,3),(3,-2,3),(4,-3,2)],[(4,-2,-1),(3,-2,0),(4,-1,-1),(6,-1,0),(4,-3,0),(3,-3,2),(4,-4,1),(3,-4,3),(4,-5,1),(6,-2,0),(4,-4,-1),(3,-4,1),(4,-3,-2),(6,-1,-1)],[(6,-1,1),(4,-2,1),(3,-1,1),(4,-1,0),(6,0,0),(4,1,-1),(3,1,-1),(4,1,0),(3,1,0),(4,0,1),(6,0,1),(4,-1,3),(3,0,2),(4,-1,2)],[(6,2,0),(4,3,1),(3,3,-1),(4,2,1),(6,1,0),(4,1,0),(3,1,-1),(4,2,-1),(3,2,-2),(4,3,-1),(6,2,-1),(4,5,-2),(3,4,-3),(4,4,-1)]]
---[11]---
level:25
tile_count:8
start_index:9
direction:cw
center_tile:[(6,0,0),(4,-1,0),(3,-1,0),(4,-1,-1),(6,0,-1),(4,0,-3),(3,-1,-2),(4,1,-3),(3,0,-2),(4,1,-2),(6,1,-1),(4,2,-1),(3,1,-1),(4,1,-1)]
boundary:[[(4,-5,2),(3,-4,3),(4,-4,1),(6,-2,0),(4,-3,-1),(3,-4,1),(4,-3,-2),(3,-4,0),(4,-2,-3),(3,-3,-1),(4,-1,-3),(6,0,-2),(4,0,-5),(3,-2,-3),(4,1,-5),(6,1,-3),(4,3,-6),(3,0,-4),(4,3,-5),(6,1,-2),(4,2,-3),(3,1,-3),(4,3,-3),(6,2,-2),(4,5,-4),(3,3,-4),(4,4,-3),(6,2,-1),(4,5,-2),(3,4,-3),(4,4,-1),(6,2,0),(4,3,1),(3,3,-1),(4,2,1),(6,1,0),(4,1,0),(3,1,0),(4,0,1),(6,0,1),(4,-1,3),(3,0,2),(4,-1,2),(6,-1,1),(4,-3,3),(3,-2,3),(4,-4,3),(6,-2,1)]]
constellation:[(3,-3,2),(3,-2,0),(3,-1,-2),(3,-1,0),(3,-1,1),(3,0,-2),(3,1,-1),(3,2,-2),(4,-3,1),(4,-2,-1),(4,-2,1),(4,-1,-1),(4,-1,0),(4,0,-3),(4,1,-4),(4,1,-3),(4,1,-2),(4,1,-1),(4,2,-1),(4,3,-1),(6,-1,-1),(6,-1,0),(6,0,-1),(6,0,0),(6,1,-1)]
tiles:[[(6,0,0),(4,-1,0),(3,-1,0),(4,-1,-1),(6,0,-1),(4,0,-3),(3,-1,-2),(4,1,-3),(3,0,-2),(4,1,-2),(6,1,-1),(4,2,-1),(3,1,-1),(4,1,-1)],[(6,2,-1),(4,3,-1),(3,2,-2),(4,2,-1),(6,1,-1),(4,1,-2),(3,0,-2),(4,2,-3),(3,1,-3),(4,3,-3),(6,2,-2),(4,5,-4),(3,3,-4),(4,4,-3)],[(6,1,-3),(4,3,-6),(3,0,-4),(4,3,-5),(6,1,-2),(4,2,-3),(3,0,-2),(4,1,-3),(3,-1,-2),(4,1,-4),(6,0,-2),(4,0,-5),(3,-2,-3),(4,1,-5)],[(6,0,-1),(4,-1,-1),(3,-2,0),(4,-2,-1),(6,-1,-1),(4,-3,-2),(3,-4,0),(4,-2,-3),(3,-3,-1),(4,-1,-3),(6,0,-2),(4,1,-4),(3,-1,-2),(4,0,-3)],[(4,-3,-1),(3,-4,1),(4,-3,-2),(6,-1,-1),(4,-2,-1),(3,-2,0),(4,-1,-1),(3,-1,0),(4,-1,0),(6,-1,0),(4,-3,1),(3,-3,2),(4,-4,1),(6,-2,0)],[(6,-1,1),(4,-2,1),(3,-1,1),(4,-1,0),(6,0,0),(4,1,-1),(3,1,-1),(4,1,0),(3,1,0),(4,0,1),(6,0,1),(4,-1,3),(3,0,2),(4,-1,2)],[(6,-1,1),(4,-3,3),(3,-2,3),(4,-4,3),(6,-2,1),(4,-5,2),(3,-4,3),(4,-4,1),(3,-3,2),(4,-3,1),(6,-1,0),(4,-1,0),(3,-1,1),(4,-2,1)],[(6,2,0),(4,3,1),(3,3,-1),(4,2,1),(6,1,0),(4,1,0),(3,1,-1),(4,2,-1),(3,2,-2),(4,3,-1),(6,2,-1),(4,5,-2),(3,4,-3),(4,4,-1)]]
---[12]---
level:25
tile_count:8
start_index:9
direction:cw
center_tile:[(6,0,0),(4,-1,0),(3,-1,0),(4,-1,-1),(6,0,-1),(4,0,-3),(3,-1,-2),(4,1,-3),(3,0,-2),(4,1,-2),(6,1,-1),(4,2,-1),(3,1,-1),(4,1,-1)]
boundary:[[(4,-5,2),(3,-4,3),(4,-4,1),(6,-2,0),(4,-3,-1),(3,-4,1),(4,-3,-2),(3,-4,0),(4,-2,-3),(6,-1,-2),(4,-1,-5),(3,-3,-2),(4,0,-5),(3,-2,-3),(4,1,-5),(6,1,-3),(4,3,-6),(3,0,-4),(4,3,-5),(6,1,-2),(4,2,-3),(3,1,-3),(4,3,-3),(6,2,-2),(4,5,-4),(3,3,-4),(4,4,-3),(6,2,-1),(4,5,-2),(3,4,-3),(4,4,-1),(6,2,0),(4,3,1),(3,3,-1),(4,2,1),(6,1,0),(4,1,0),(3,1,0),(4,0,1),(6,0,1),(4,-1,3),(3,0,2),(4,-1,2),(6,-1,1),(4,-2,1),(3,-2,2),(4,-3,1),(6,-2,1)]]
constellation:[(3,-3,1),(3,-2,-1),(3,-1,-2),(3,-1,0),(3,-1,1),(3,0,-2),(3,1,-1),(3,2,-2),(4,-2,-1),(4,-1,-3),(4,-1,-1),(4,-1,0),(4,0,-3),(4,1,-4),(4,1,-3),(4,1,-2),(4,1,-1),(4,2,-1),(4,3,-1),(6,-1,-1),(6,-1,0),(6,0,-2),(6,0,-1),(6,0,0),(6,1,-1)]
tiles:[[(6,0,0),(4,-1,0),(3,-1,0),(4,-1,-1),(6,0,-1),(4,0,-3),(3,-1,-2),(4,1,-3),(3,0,-2),(4,1,-2),(6,1,-1),(4,2,-1),(3,1,-1),(4,1,-1)],[(6,2,-1),(4,3,-1),(3,2,-2),(4,2,-1),(6,1,-1),(4,1,-2),(3,0,-2),(4,2,-3),(3,1,-3),(4,3,-3),(6,2,-2),(4,5,-4),(3,3,-4),(4,4,-3)],[(6,1,-3),(4,3,-6),(3,0,-4),(4,3,-5),(6,1,-2),(4,2,-3),(3,0,-2),(4,1,-3),(3,-1,-2),(4,1,-4),(6,0,-2),(4,0,-5),(3,-2,-3),(4,1,-5)],[(6,-1,-2),(4,-1,-5),(3,-3,-2),(4,0,-5),(6,0,-2),(4,1,-4),(3,-1,-2),(4,0,-3),(3,-2,-1),(4,-1,-3),(6,-1,-1),(4,-3,-2),(3,-4,0),(4,-2,-3)],[(4,-1,-1),(3,-1,0),(4,-1,0),(6,-1,0),(4,-2,-1),(3,-3,1),(4,-3,-1),(3,-4,1),(4,-3,-2),(6,-1,-1),(4,-1,-3),(3,-2,-1),(4,0,-3),(6,0,-1)],[(6,-1,1),(4,-2,1),(3,-1,1),(4,-1,0),(6,0,0),(4,1,-1),(3,1,-1),(4,1,0),(3,1,0),(4,0,1),(6,0,1),(4,-1,3),(3,0,2),(4,-1,2)],[(6,-2,0),(4,-3,-1),(3,-3,1),(4,-2,-1),(6,-1,0),(4,-1,0),(3,-1,1),(4,-2,1),(3,-2,2),(4,-3,1),(6,-2,1),(4,-5,2),(3,-4,3),(4,-4,1)],[(6,2,0),(4,3,1),(3,3,-1),(4,2,1),(6,1,0),(4,1,0),(3,1,-1),(4,2,-1),(3,2,-2),(4,3,-1),(6,2,-1),(4,5,-2),(3,4,-3),(4,4,-1)]]
---[13]---
level:26
tile_count:8
start_index:9
direction:cw
center_tile:[(6,0,0),(4,-1,0),(3,-1,0),(4,-1,-1),(6,0,-1),(4,0,-3),(3,-1,-2),(4,1,-3),(3,0,-2),(4,1,-2),(6,1,-1),(4,2,-1),(3,1,-1),(4,1,-1)]
boundary:[[(4,-5,1),(6,-2,0),(4,-3,0),(3,-3,1),(4,-2,-1),(6,-1,-1),(4,-3,-2),(3,-4,0),(4,-2,-3),(3,-3,-1),(4,-1,-3),(6,0,-2),(4,0,-5),(3,-2,-3),(4,1,-5),(6,1,-3),(4,3,-6),(3,0,-4),(4,3,-5),(3,1,-4),(4,4,-5),(6,2,-2),(4,5,-4),(3,3,-4),(4,4,-3),(6,2,-1),(4,5,-2),(3,4,-3),(4,4,-1),(3,3,-2),(4,3,-1),(6,1,0),(4,2,1),(3,2,0),(4,1,2),(6,0,1),(4,-1,3),(3,0,2),(4,-1,2),(6,-1,1),(4,-3,3),(3,-2,3),(4,-3,2),(6,-2,1),(4,-4,1),(3,-4,3)]]
constellation:[(3,-2,0),(3,-2,2),(3,-1,-2),(3,-1,0),(3,0,-2),(3,0,1),(3,1,-1),(3,2,-3),(4,-2,1),(4,-1,-1),(4,-1,0),(4,0,-3),(4,0,1),(4,1,-4),(4,1,-3),(4,1,-2),(4,1,-1),(4,1,0),(4,2,-3),(4,2,-1),(4,3,-3),(6,-1,0),(6,0,-1),(6,0,0),(6,1,-2),(6,1,-1)]
tiles:[[(6,0,0),(4,-1,0),(3,-1,0),(4,-1,-1),(6,0,-1),(4,0,-3),(3,-1,-2),(4,1,-3),(3,0,-2),(4,1,-2),(6,1,-1),(4,2,-1),(3,1,-1),(4,1,-1)],[(6,1,-2),(4,3,-5),(3,1,-4),(4,4,-5),(6,2,-2),(4,5,-4),(3,3,-4),(4,4,-3),(3,2,-3),(4,3,-3),(6,1,-1),(4,1,-2),(3,0,-2),(4,2,-3)],[(6,1,-3),(4,3,-6),(3,0,-4),(4,3,-5),(6,1,-2),(4,2,-3),(3,0,-2),(4,1,-3),(3,-1,-2),(4,1,-4),(6,0,-2),(4,0,-5),(3,-2,-3),(4,1,-5)],[(6,0,-1),(4,-1,-1),(3,-2,0),(4,-2,-1),(6,-1,-1),(4,-3,-2),(3,-4,0),(4,-2,-3),(3,-3,-1),(4,-1,-3),(6,0,-2),(4,1,-4),(3,-1,-2),(4,0,-3)],[(6,0,0),(4,0,1),(3,0,1),(4,-1,2),(6,-1,1),(4,-3,3),(3,-2,3),(4,-3,2),(3,-2,2),(4,-2,1),(6,-1,0),(4,-1,-1),(3,-1,0),(4,-1,0)],[(4,-4,1),(3,-4,3),(4,-5,1),(6,-2,0),(4,-3,0),(3,-3,1),(4,-2,-1),(3,-2,0),(4,-1,-1),(6,-1,0),(4,-2,1),(3,-2,2),(4,-3,2),(6,-2,1)],[(6,1,0),(4,2,1),(3,2,0),(4,1,2),(6,0,1),(4,-1,3),(3,0,2),(4,-1,2),(3,0,1),(4,0,1),(6,0,0),(4,1,-1),(3,1,-1),(4,1,0)],[(6,1,-1),(4,3,-3),(3,2,-3),(4,4,-3),(6,2,-1),(4,5,-2),(3,4,-3),(4,4,-1),(3,3,-2),(4,3,-1),(6,1,0),(4,1,0),(3,1,-1),(4,2,-1)]]
---[14]---
level:26
tile_count:8
start_index:9
direction:cw
center_tile:[(6,0,0),(4,-1,0),(3,-1,0),(4,-1,-1),(6,0,-1),(4,0,-3),(3,-1,-2),(4,1,-3),(3,0,-2),(4,1,-2),(6,1,-1),(4,2,-1),(3,1,-1),(4,1,-1)]
boundary:[[(4,-5,1),(6,-2,0),(4,-3,0),(3,-3,1),(4,-2,-1),(6,-1,-1),(4,-3,-2),(3,-4,0),(4,-2,-3),(3,-3,-1),(4,-1,-3),(6,0,-2),(4,0,-5),(3,-2,-3),(4,1,-6),(6,1,-3),(4,3,-7),(3,0,-5),(4,3,-6),(3,0,-4),(4,3,-5),(3,1,-4),(4,3,-4),(6,2,-2),(4,4,-3),(6,2,-1),(4,5,-2),(3,4,-3),(4,4,-1),(3,3,-2),(4,3,-1),(6,1,0),(4,2,1),(3,2,0),(4,1,2),(6,0,1),(4,-1,3),(3,0,2),(4,-1,2),(6,-1,1),(4,-3,3),(3,-2,3),(4,-3,2),(6,-2,1),(4,-4,1),(3,-4,3)]]
constellation:[(3,-2,0),(3,-2,2),(3,-1,-2),(3,-1,0),(3,0,-2),(3,0,1),(3,1,-1),(3,2,-3),(4,-2,1),(4,-1,-1),(4,-1,0),(4,0,-3),(4,0,1),(4,1,-4),(4,1,-3),(4,1,-2),(4,1,-1),(4,1,0),(4,2,-5),(4,2,-1),(4,3,-3),(6,-1,0),(6,0,-1),(6,0,0),(6,1,-2),(6,1,-1)]
tiles:[[(6,0,0),(4,-1,0),(3,-1,0),(4,-1,-1),(6,0,-1),(4,0,-3),(3,-1,-2),(4,1,-3),(3,0,-2),(4,1,-2),(6,1,-1),(4,2,-1),(3,1,-1),(4,1,-1)],[(6,1,-1),(4,1,-2),(3,0,-2),(4,1,-3),(6,1,-2),(4,2,-5),(3,0,-4),(4,3,-5),(3,1,-4),(4,3,-4),(6,2,-2),(4,4,-3),(3,2,-3),(4,3,-3)],[(6,0,-2),(4,0,-5),(3,-2,-3),(4,1,-6),(6,1,-3),(4,3,-7),(3,0,-5),(4,3,-6),(3,0,-4),(4,2,-5),(6,1,-2),(4,1,-3),(3,-1,-2),(4,1,-4)],[(6,0,-1),(4,-1,-1),(3,-2,0),(4,-2,-1),(6,-1,-1),(4,-3,-2),(3,-4,0),(4,-2,-3),(3,-3,-1),(4,-1,-3),(6,0,-2),(4,1,-4),(3,-1,-2),(4,0,-3)],[(6,0,0),(4,0,1),(3,0,1),(4,-1,2),(6,-1,1),(4,-3,3),(3,-2,3),(4,-3,2),(3,-2,2),(4,-2,1),(6,-1,0),(4,-1,-1),(3,-1,0),(4,-1,0)],[(4,-4,1),(3,-4,3),(4,-5,1),(6,-2,0),(4,-3,0),(3,-3,1),(4,-2,-1),(3,-2,0),(4,-1,-1),(6,-1,0),(4,-2,1),(3,-2,2),(4,-3,2),(6,-2,1)],[(6,1,0),(4,2,1),(3,2,0),(4,1,2),(6,0,1),(4,-1,3),(3,0,2),(4,-1,2),(3,0,1),(4,0,1),(6,0,0),(4,1,-1),(3,1,-1),(4,1,0)],[(6,1,-1),(4,3,-3),(3,2,-3),(4,4,-3),(6,2,-1),(4,5,-2),(3,4,-3),(4,4,-1),(3,3,-2),(4,3,-1),(6,1,0),(4,1,0),(3,1,-1),(4,2,-1)]]
---[15]---
level:27
tile_count:8
start_index:9
direction:cw
center_tile:[(6,0,0),(4,-1,0),(3,-1,0),(4,-1,-1),(6,0,-1),(4,0,-3),(3,-1,-2),(4,1,-3),(3,0,-2),(4,1,-2),(6,1,-1),(4,2,-1),(3,1,-1),(4,1,-1)]
boundary:[[(4,-5,1),(6,-2,0),(4,-4,-1),(3,-4,1),(4,-3,-2),(3,-4,0),(4,-2,-3),(3,-3,-1),(4,-1,-3),(6,0,-2),(4,0,-5),(3,-2,-3),(4,1,-5),(6,1,-3),(4,3,-6),(3,0,-4),(4,3,-5),(3,1,-4),(4,4,-5),(6,2,-2),(4,5,-4),(3,3,-4),(4,4,-3),(3,2,-3),(4,3,-2),(6,2,-1),(4,4,-1),(3,3,-2),(4,3,0),(6,1,0),(4,1,1),(3,1,0),(4,0,1),(6,0,1),(4,-1,3),(3,0,2),(4,-1,2),(6,-1,1),(4,-3,3),(3,-2,3),(4,-3,2),(6,-2,1),(4,-4,1),(3,-4,3)]]
constellation:[(3,-3,2),(3,-2,0),(3,-1,-2),(3,-1,0),(3,-1,1),(3,0,-2),(3,1,-1),(4,-3,0),(4,-2,-1),(4,-2,1),(4,-1,-1),(4,-1,0),(4,0,-3),(4,1,-4),(4,1,-3),(4,1,-2),(4,1,-1),(4,1,0),(4,2,-3),(4,2,-1),(4,3,-3),(6,-1,-1),(6,-1,0),(6,0,-1),(6,0,0),(6,1,-2),(6,1,-1)]
tiles:[[(6,0,0),(4,-1,0),(3,-1,0),(4,-1,-1),(6,0,-1),(4,0,-3),(3,-1,-2),(4,1,-3),(3,0,-2),(4,1,-2),(6,1,-1),(4,2,-1),(3,1,-1),(4,1,-1)],[(6,1,-2),(4,3,-5),(3,1,-4),(4,4,-5),(6,2,-2),(4,5,-4),(3,3,-4),(4,4,-3),(3,2,-3),(4,3,-3),(6,1,-1),(4,1,-2),(3,0,-2),(4,2,-3)],[(6,1,-3),(4,3,-6),(3,0,-4),(4,3,-5),(6,1,-2),(4,2,-3),(3,0,-2),(4,1,-3),(3,-1,-2),(4,1,-4),(6,0,-2),(4,0,-5),(3,-2,-3),(4,1,-5)],[(6,0,-1),(4,-1,-1),(3,-2,0),(4,-2,-1),(6,-1,-1),(4,-3,-2),(3,-4,0),(4,-2,-3),(3,-3,-1),(4,-1,-3),(6,0,-2),(4,1,-4),(3,-1,-2),(4,0,-3)],[(6,-2,1),(4,-4,1),(3,-3,2),(4,-3,0),(6,-1,0),(4,-1,-1),(3,-1,0),(4,-1,0),(3,-1,1),(4,-2,1),(6,-1,1),(4,-3,3),(3,-2,3),(4,-3,2)],[(4,-2,-1),(3,-2,0),(4,-1,-1),(6,-1,0),(4,-3,0),(3,-3,2),(4,-4,1),(3,-4,3),(4,-5,1),(6,-2,0),(4,-4,-1),(3,-4,1),(4,-3,-2),(6,-1,-1)],[(6,-1,1),(4,-2,1),(3,-1,1),(4,-1,0),(6,0,0),(4,1,-1),(3,1,-1),(4,1,0),(3,1,0),(4,0,1),(6,0,1),(4,-1,3),(3,0,2),(4,-1,2)],[(6,2,-1),(4,4,-1),(3,3,-2),(4,3,0),(6,1,0),(4,1,1),(3,1,0),(4,1,0),(3,1,-1),(4,2,-1),(6,1,-1),(4,3,-3),(3,2,-3),(4,3,-2)]]
---[16]---
level:27
tile_count:8
start_index:9
direction:cw
center_tile:[(6,0,0),(4,-1,0),(3,-1,0),(4,-1,-1),(6,0,-1),(4,0,-3),(3,-1,-2),(4,1,-3),(3,0,-2),(4,1,-2),(6,1,-1),(4,2,-1),(3,1,-1),(4,1,-1)]
boundary:[[(4,-5,1),(6,-2,0),(4,-4,-1),(3,-4,1),(4,-3,-2),(3,-4,0),(4,-2,-3),(3,-3,-1),(4,-1,-3),(6,0,-2),(4,0,-5),(3,-2,-3),(4,1,-5),(6,1,-3),(4,3,-6),(3,0,-4),(4,3,-5),(3,1,-4),(4,4,-5),(6,2,-2),(4,5,-4),(3,3,-4),(4,4,-3),(6,2,-1),(4,5,-2),(3,4,-3),(4,4,-1),(3,3,-2),(4,3,-1),(6,1,0),(4,1,0),(3,1,0),(4,0,1),(6,0,1),(4,-1,3),(3,0,2),(4,-1,2),(6,-1,1),(4,-3,3),(3,-2,3),(4,-3,2),(6,-2,1),(4,-4,1),(3,-4,3)]]
constellation:[(3,-3,2),(3,-2,0),(3,-1,-2),(3,-1,0),(3,-1,1),(3,0,-2),(3,1,-1),(3,2,-3),(4,-3,0),(4,-2,-1),(4,-2,1),(4,-1,-1),(4,-1,0),(4,0,-3),(4,1,-4),(4,1,-3),(4,1,-2),(4,1,-1),(4,2,-3),(4,2,-1),(4,3,-3),(6,-1,-1),(6,-1,0),(6,0,-1),(6,0,0),(6,1,-2),(6,1,-1)]
tiles:[[(6,0,0),(4,-1,0),(3,-1,0),(4,-1,-1),(6,0,-1),(4,0,-3),(3,-1,-2),(4,1,-3),(3,0,-2),(4,1,-2),(6,1,-1),(4,2,-1),(3,1,-1),(4,1,-1)],[(6,1,-2),(4,3,-5),(3,1,-4),(4,4,-5),(6,2,-2),(4,5,-4),(3,3,-4),(4,4,-3),(3,2,-3),(4,3,-3),(6,1,-1),(4,1,-2),(3,0,-2),(4,2,-3)],[(6,1,-3),(4,3,-6),(3,0,-4),(4,3,-5),(6,1,-2),(4,2,-3),(3,0,-2),(4,1,-3),(3,-1,-2),(4,1,-4),(6,0,-2),(4,0,-5),(3,-2,-3),(4,1,-5)],[(6,0,-1),(4,-1,-1),(3,-2,0),(4,-2,-1),(6,-1,-1),(4,-3,-2),(3,-4,0),(4,-2,-3),(3,-3,-1),(4,-1,-3),(6,0,-2),(4,1,-4),(3,-1,-2),(4,0,-3)],[(6,-2,1),(4,-4,1),(3,-3,2),(4,-3,0),(6,-1,0),(4,-1,-1),(3,-1,0),(4,-1,0),(3,-1,1),(4,-2,1),(6,-1,1),(4,-3,3),(3,-2,3),(4,-3,2)],[(4,-2,-1),(3,-2,0),(4,-1,-1),(6,-1,0),(4,-3,0),(3,-3,2),(4,-4,1),(3,-4,3),(4,-5,1),(6,-2,0),(4,-4,-1),(3,-4,1),(4,-3,-2),(6,-1,-1)],[(6,-1,1),(4,-2,1),(3,-1,1),(4,-1,0),(6,0,0),(4,1,-1),(3,1,-1),(4,1,0),(3,1,0),(4,0,1),(6,0,1),(4,-1,3),(3,0,2),(4,-1,2)],[(6,1,-1),(4,3,-3),(3,2,-3),(4,4,-3),(6,2,-1),(4,5,-2),(3,4,-3),(4,4,-1),(3,3,-2),(4,3,-1),(6,1,0),(4,1,0),(3,1,-1),(4,2,-1)]]
---[17]---
level:27
tile_count:8
start_index:9
direction:cw
center_tile:[(6,0,0),(4,-1,0),(3,-1,0),(4,-1,-1),(6,0,-1),(4,0,-3),(3,-1,-2),(4,1,-3),(3,0,-2),(4,1,-2),(6,1,-1),(4,2,-1),(3,1,-1),(4,1,-1)]
boundary:[[(4,-5,1),(6,-2,0),(4,-4,-1),(3,-4,1),(4,-3,-2),(3,-4,0),(4,-2,-3),(3,-3,-1),(4,-1,-3),(6,0,-2),(4,0,-5),(3,-2,-3),(4,1,-6),(6,1,-3),(4,3,-7),(3,0,-5),(4,3,-6),(3,0,-4),(4,3,-5),(3,1,-4),(4,3,-4),(6,2,-2),(4,4,-3),(3,2,-3),(4,3,-2),(6,2,-1),(4,4,-1),(3,3,-2),(4,3,0),(6,1,0),(4,1,1),(3,1,0),(4,0,1),(6,0,1),(4,-1,3),(3,0,2),(4,-1,2),(6,-1,1),(4,-3,3),(3,-2,3),(4,-3,2),(6,-2,1),(4,-4,1),(3,-4,3)]]
constellation:[(3,-3,2),(3,-2,0),(3,-1,-2),(3,-1,0),(3,-1,1),(3,0,-2),(3,1,-1),(4,-3,0),(4,-2,-1),(4,-2,1),(4,-1,-1),(4,-1,0),(4,0,-3),(4,1,-4),(4,1,-3),(4,1,-2),(4,1,-1),(4,1,0),(4,2,-5),(4,2,-1),(4,3,-3),(6,-1,-1),(6,-1,0),(6,0,-1),(6,0,0),(6,1,-2),(6,1,-1)]
tiles:[[(6,0,0),(4,-1,0),(3,-1,0),(4,-1,-1),(6,0,-1),(4,0,-3),(3,-1,-2),(4,1,-3),(3,0,-2),(4,1,-2),(6,1,-1),(4,2,-1),(3,1,-1),(4,1,-1)],[(6,1,-1),(4,1,-2),(3,0,-2),(4,1,-3),(6,1,-2),(4,2,-5),(3,0,-4),(4,3,-5),(3,1,-4),(4,3,-4),(6,2,-2),(4,4,-3),(3,2,-3),(4,3,-3)],[(6,0,-2),(4,0,-5),(3,-2,-3),(4,1,-6),(6,1,-3),(4,3,-7),(3,0,-5),(4,3,-6),(3,0,-4),(4,2,-5),(6,1,-2),(4,1,-3),(3,-1,-2),(4,1,-4)],[(6,0,-1),(4,-1,-1),(3,-2,0),(4,-2,-1),(6,-1,-1),(4,-3,-2),(3,-4,0),(4,-2,-3),(3,-3,-1),(4,-1,-3),(6,0,-2),(4,1,-4),(3,-1,-2),(4,0,-3)],[(6,-2,1),(4,-4,1),(3,-3,2),(4,-3,0),(6,-1,0),(4,-1,-1),(3,-1,0),(4,-1,0),(3,-1,1),(4,-2,1),(6,-1,1),(4,-3,3),(3,-2,3),(4,-3,2)],[(4,-2,-1),(3,-2,0),(4,-1,-1),(6,-1,0),(4,-3,0),(3,-3,2),(4,-4,1),(3,-4,3),(4,-5,1),(6,-2,0),(4,-4,-1),(3,-4,1),(4,-3,-2),(6,-1,-1)],[(6,-1,1),(4,-2,1),(3,-1,1),(4,-1,0),(6,0,0),(4,1,-1),(3,1,-1),(4,1,0),(3,1,0),(4,0,1),(6,0,1),(4,-1,3),(3,0,2),(4,-1,2)],[(6,2,-1),(4,4,-1),(3,3,-2),(4,3,0),(6,1,0),(4,1,1),(3,1,0),(4,1,0),(3,1,-1),(4,2,-1),(6,1,-1),(4,3,-3),(3,2,-3),(4,3,-2)]]
---[18]---
level:27
tile_count:8
start_index:9
direction:cw
center_tile:[(6,0,0),(4,-1,0),(3,-1,0),(4,-1,-1),(6,0,-1),(4,0,-3),(3,-1,-2),(4,1,-3),(3,0,-2),(4,1,-2),(6,1,-1),(4,2,-1),(3,1,-1),(4,1,-1)]
boundary:[[(4,-5,1),(6,-2,0),(4,-4,-1),(3,-4,1),(4,-3,-2),(3,-4,0),(4,-2,-3),(3,-3,-1),(4,-1,-3),(6,0,-2),(4,0,-5),(3,-2,-3),(4,1,-6),(6,1,-3),(4,3,-7),(3,0,-5),(4,3,-6),(3,0,-4),(4,3,-5),(3,1,-4),(4,3,-4),(6,2,-2),(4,4,-3),(6,2,-1),(4,5,-2),(3,4,-3),(4,4,-1),(3,3,-2),(4,3,-1),(6,1,0),(4,1,0),(3,1,0),(4,0,1),(6,0,1),(4,-1,3),(3,0,2),(4,-1,2),(6,-1,1),(4,-3,3),(3,-2,3),(4,-3,2),(6,-2,1),(4,-4,1),(3,-4,3)]]
constellation:[(3,-3,2),(3,-2,0),(3,-1,-2),(3,-1,0),(3,-1,1),(3,0,-2),(3,1,-1),(3,2,-3),(4,-3,0),(4,-2,-1),(4,-2,1),(4,-1,-1),(4,-1,0),(4,0,-3),(4,1,-4),(4,1,-3),(4,1,-2),(4,1,-1),(4,2,-5),(4,2,-1),(4,3,-3),(6,-1,-1),(6,-1,0),(6,0,-1),(6,0,0),(6,1,-2),(6,1,-1)]
tiles:[[(6,0,0),(4,-1,0),(3,-1,0),(4,-1,-1),(6,0,-1),(4,0,-3),(3,-1,-2),(4,1,-3),(3,0,-2),(4,1,-2),(6,1,-1),(4,2,-1),(3,1,-1),(4,1,-1)],[(6,1,-1),(4,1,-2),(3,0,-2),(4,1,-3),(6,1,-2),(4,2,-5),(3,0,-4),(4,3,-5),(3,1,-4),(4,3,-4),(6,2,-2),(4,4,-3),(3,2,-3),(4,3,-3)],[(6,0,-2),(4,0,-5),(3,-2,-3),(4,1,-6),(6,1,-3),(4,3,-7),(3,0,-5),(4,3,-6),(3,0,-4),(4,2,-5),(6,1,-2),(4,1,-3),(3,-1,-2),(4,1,-4)],[(6,0,-1),(4,-1,-1),(3,-2,0),(4,-2,-1),(6,-1,-1),(4,-3,-2),(3,-4,0),(4,-2,-3),(3,-3,-1),(4,-1,-3),(6,0,-2),(4,1,-4),(3,-1,-2),(4,0,-3)],[(6,-2,1),(4,-4,1),(3,-3,2),(4,-3,0),(6,-1,0),(4,-1,-1),(3,-1,0),(4,-1,0),(3,-1,1),(4,-2,1),(6,-1,1),(4,-3,3),(3,-2,3),(4,-3,2)],[(4,-2,-1),(3,-2,0),(4,-1,-1),(6,-1,0),(4,-3,0),(3,-3,2),(4,-4,1),(3,-4,3),(4,-5,1),(6,-2,0),(4,-4,-1),(3,-4,1),(4,-3,-2),(6,-1,-1)],[(6,-1,1),(4,-2,1),(3,-1,1),(4,-1,0),(6,0,0),(4,1,-1),(3,1,-1),(4,1,0),(3,1,0),(4,0,1),(6,0,1),(4,-1,3),(3,0,2),(4,-1,2)],[(6,1,-1),(4,3,-3),(3,2,-3),(4,4,-3),(6,2,-1),(4,5,-2),(3,4,-3),(4,4,-1),(3,3,-2),(4,3,-1),(6,1,0),(4,1,0),(3,1,-1),(4,2,-1)]]
---[19]---
level:27
tile_count:8
start_index:9
direction:cw
center_tile:[(6,0,0),(4,-1,0),(3,-1,0),(4,-1,-1),(6,0,-1),(4,0,-3),(3,-1,-2),(4,1,-3),(3,0,-2),(4,1,-2),(6,1,-1),(4,2,-1),(3,1,-1),(4,1,-1)]
boundary:[[(4,-5,2),(3,-4,3),(4,-4,1),(6,-2,0),(4,-3,-1),(3,-4,1),(4,-3,-2),(3,-4,0),(4,-2,-3),(3,-3,-1),(4,-1,-3),(6,0,-2),(4,0,-5),(3,-2,-3),(4,1,-5),(6,1,-3),(4,3,-6),(3,0,-4),(4,3,-5),(3,1,-4),(4,4,-5),(6,2,-2),(4,5,-4),(3,3,-4),(4,4,-3),(3,2,-3),(4,3,-2),(6,2,-1),(4,4,-1),(3,3,-2),(4,3,0),(6,1,0),(4,1,1),(3,1,0),(4,0,1),(6,0,1),(4,-1,3),(3,0,2),(4,-1,2),(6,-1,1),(4,-3,3),(3,-2,3),(4,-4,3),(6,-2,1)]]
constellation:[(3,-3,2),(3,-2,0),(3,-1,-2),(3,-1,0),(3,-1,1),(3,0,-2),(3,1,-1),(4,-3,1),(4,-2,-1),(4,-2,1),(4,-1,-1),(4,-1,0),(4,0,-3),(4,1,-4),(4,1,-3),(4,1,-2),(4,1,-1),(4,1,0),(4,2,-3),(4,2,-1),(4,3,-3),(6,-1,-1),(6,-1,0),(6,0,-1),(6,0,0),(6,1,-2),(6,1,-1)]
tiles:[[(6,0,0),(4,-1,0),(3,-1,0),(4,-1,-1),(6,0,-1),(4,0,-3),(3,-1,-2),(4,1,-3),(3,0,-2),(4,1,-2),(6,1,-1),(4,2,-1),(3,1,-1),(4,1,-1)],[(6,1,-2),(4,3,-5),(3,1,-4),(4,4,-5),(6,2,-2),(4,5,-4),(3,3,-4),(4,4,-3),(3,2,-3),(4,3,-3),(6,1,-1),(4,1,-2),(3,0,-2),(4,2,-3)],[(6,1,-3),(4,3,-6),(3,0,-4),(4,3,-5),(6,1,-2),(4,2,-3),(3,0,-2),(4,1,-3),(3,-1,-2),(4,1,-4),(6,0,-2),(4,0,-5),(3,-2,-3),(4,1,-5)],[(6,0,-1),(4,-1,-1),(3,-2,0),(4,-2,-1),(6,-1,-1),(4,-3,-2),(3,-4,0),(4,-2,-3),(3,-3,-1),(4,-1,-3),(6,0,-2),(4,1,-4),(3,-1,-2),(4,0,-3)],[(4,-3,-1),(3,-4,1),(4,-3,-2),(6,-1,-1),(4,-2,-1),(3,-2,0),(4,-1,-1),(3,-1,0),(4,-1,0),(6,-1,0),(4,-3,1),(3,-3,2),(4,-4,1),(6,-2,0)],[(6,-1,1),(4,-2,1),(3,-1,1),(4,-1,0),(6,0,0),(4,1,-1),(3,1,-1),(4,1,0),(3,1,0),(4,0,1),(6,0,1),(4,-1,3),(3,0,2),(4,-1,2)],[(6,-1,1),(4,-3,3),(3,-2,3),(4,-4,3),(6,-2,1),(4,-5,2),(3,-4,3),(4,-4,1),(3,-3,2),(4,-3,1),(6,-1,0),(4,-1,0),(3,-1,1),(4,-2,1)],[(6,2,-1),(4,4,-1),(3,3,-2),(4,3,0),(6,1,0),(4,1,1),(3,1,0),(4,1,0),(3,1,-1),(4,2,-1),(6,1,-1),(4,3,-3),(3,2,-3),(4,3,-2)]]
---[20]---
level:27
tile_count:8
start_index:9
direction:cw
center_tile:[(6,0,0),(4,-1,0),(3,-1,0),(4,-1,-1),(6,0,-1),(4,0,-3),(3,-1,-2),(4,1,-3),(3,0,-2),(4,1,-2),(6,1,-1),(4,2,-1),(3,1,-1),(4,1,-1)]
boundary:[[(4,-5,2),(3,-4,3),(4,-4,1),(6,-2,0),(4,-3,-1),(3,-4,1),(4,-3,-2),(3,-4,0),(4,-2,-3),(3,-3,-1),(4,-1,-3),(6,0,-2),(4,0,-5),(3,-2,-3),(4,1,-5),(6,1,-3),(4,3,-6),(3,0,-4),(4,3,-5),(3,1,-4),(4,4,-5),(6,2,-2),(4,5,-4),(3,3,-4),(4,4,-3),(6,2,-1),(4,5,-2),(3,4,-3),(4,4,-1),(3,3,-2),(4,3,-1),(6,1,0),(4,1,0),(3,1,0),(4,0,1),(6,0,1),(4,-1,3),(3,0,2),(4,-1,2),(6,-1,1),(4,-3,3),(3,-2,3),(4,-4,3),(6,-2,1)]]
constellation:[(3,-3,2),(3,-2,0),(3,-1,-2),(3,-1,0),(3,-1,1),(3,0,-2),(3,1,-1),(3,2,-3),(4,-3,1),(4,-2,-1),(4,-2,1),(4,-1,-1),(4,-1,0),(4,0,-3),(4,1,-4),(4,1,-3),(4,1,-2),(4,1,-1),(4,2,-3),(4,2,-1),(4,3,-3),(6,-1,-1),(6,-1,0),(6,0,-1),(6,0,0),(6,1,-2),(6,1,-1)]
tiles:[[(6,0,0),(4,-1,0),(3,-1,0),(4,-1,-1),(6,0,-1),(4,0,-3),(3,-1,-2),(4,1,-3),(3,0,-2),(4,1,-2),(6,1,-1),(4,2,-1),(3,1,-1),(4,1,-1)],[(6,1,-2),(4,3,-5),(3,1,-4),(4,4,-5),(6,2,-2),(4,5,-4),(3,3,-4),(4,4,-3),(3,2,-3),(4,3,-3),(6,1,-1),(4,1,-2),(3,0,-2),(4,2,-3)],[(6,1,-3),(4,3,-6),(3,0,-4),(4,3,-5),(6,1,-2),(4,2,-3),(3,0,-2),(4,1,-3),(3,-1,-2),(4,1,-4),(6,0,-2),(4,0,-5),(3,-2,-3),(4,1,-5)],[(6,0,-1),(4,-1,-1),(3,-2,0),(4,-2,-1),(6,-1,-1),(4,-3,-2),(3,-4,0),(4,-2,-3),(3,-3,-1),(4,-1,-3),(6,0,-2),(4,1,-4),(3,-1,-2),(4,0,-3)],[(4,-3,-1),(3,-4,1),(4,-3,-2),(6,-1,-1),(4,-2,-1),(3,-2,0),(4,-1,-1),(3,-1,0),(4,-1,0),(6,-1,0),(4,-3,1),(3,-3,2),(4,-4,1),(6,-2,0)],[(6,-1,1),(4,-2,1),(3,-1,1),(4,-1,0),(6,0,0),(4,1,-1),(3,1,-1),(4,1,0),(3,1,0),(4,0,1),(6,0,1),(4,-1,3),(3,0,2),(4,-1,2)],[(6,-1,1),(4,-3,3),(3,-2,3),(4,-4,3),(6,-2,1),(4,-5,2),(3,-4,3),(4,-4,1),(3,-3,2),(4,-3,1),(6,-1,0),(4,-1,0),(3,-1,1),(4,-2,1)],[(6,1,-1),(4,3,-3),(3,2,-3),(4,4,-3),(6,2,-1),(4,5,-2),(3,4,-3),(4,4,-1),(3,3,-2),(4,3,-1),(6,1,0),(4,1,0),(3,1,-1),(4,2,-1)]]
---[21]---
level:27
tile_count:8
start_index:9
direction:cw
center_tile:[(6,0,0),(4,-1,0),(3,-1,0),(4,-1,-1),(6,0,-1),(4,0,-3),(3,-1,-2),(4,1,-3),(3,0,-2),(4,1,-2),(6,1,-1),(4,2,-1),(3,1,-1),(4,1,-1)]
boundary:[[(4,-5,2),(3,-4,3),(4,-4,1),(6,-2,0),(4,-3,-1),(3,-4,1),(4,-3,-2),(3,-4,0),(4,-2,-3),(3,-3,-1),(4,-1,-3),(6,0,-2),(4,0,-5),(3,-2,-3),(4,1,-6),(6,1,-3),(4,3,-7),(3,0,-5),(4,3,-6),(3,0,-4),(4,3,-5),(3,1,-4),(4,3,-4),(6,2,-2),(4,4,-3),(3,2,-3),(4,3,-2),(6,2,-1),(4,4,-1),(3,3,-2),(4,3,0),(6,1,0),(4,1,1),(3,1,0),(4,0,1),(6,0,1),(4,-1,3),(3,0,2),(4,-1,2),(6,-1,1),(4,-3,3),(3,-2,3),(4,-4,3),(6,-2,1)]]
constellation:[(3,-3,2),(3,-2,0),(3,-1,-2),(3,-1,0),(3,-1,1),(3,0,-2),(3,1,-1),(4,-3,1),(4,-2,-1),(4,-2,1),(4,-1,-1),(4,-1,0),(4,0,-3),(4,1,-4),(4,1,-3),(4,1,-2),(4,1,-1),(4,1,0),(4,2,-5),(4,2,-1),(4,3,-3),(6,-1,-1),(6,-1,0),(6,0,-1),(6,0,0),(6,1,-2),(6,1,-1)]
tiles:[[(6,0,0),(4,-1,0),(3,-1,0),(4,-1,-1),(6,0,-1),(4,0,-3),(3,-1,-2),(4,1,-3),(3,0,-2),(4,1,-2),(6,1,-1),(4,2,-1),(3,1,-1),(4,1,-1)],[(6,1,-1),(4,1,-2),(3,0,-2),(4,1,-3),(6,1,-2),(4,2,-5),(3,0,-4),(4,3,-5),(3,1,-4),(4,3,-4),(6,2,-2),(4,4,-3),(3,2,-3),(4,3,-3)],[(6,0,-2),(4,0,-5),(3,-2,-3),(4,1,-6),(6,1,-3),(4,3,-7),(3,0,-5),(4,3,-6),(3,0,-4),(4,2,-5),(6,1,-2),(4,1,-3),(3,-1,-2),(4,1,-4)],[(6,0,-1),(4,-1,-1),(3,-2,0),(4,-2,-1),(6,-1,-1),(4,-3,-2),(3,-4,0),(4,-2,-3),(3,-3,-1),(4,-1,-3),(6,0,-2),(4,1,-4),(3,-1,-2),(4,0,-3)],[(4,-3,-1),(3,-4,1),(4,-3,-2),(6,-1,-1),(4,-2,-1),(3,-2,0),(4,-1,-1),(3,-1,0),(4,-1,0),(6,-1,0),(4,-3,1),(3,-3,2),(4,-4,1),(6,-2,0)],[(6,-1,1),(4,-2,1),(3,-1,1),(4,-1,0),(6,0,0),(4,1,-1),(3,1,-1),(4,1,0),(3,1,0),(4,0,1),(6,0,1),(4,-1,3),(3,0,2),(4,-1,2)],[(6,-1,1),(4,-3,3),(3,-2,3),(4,-4,3),(6,-2,1),(4,-5,2),(3,-4,3),(4,-4,1),(3,-3,2),(4,-3,1),(6,-1,0),(4,-1,0),(3,-1,1),(4,-2,1)],[(6,2,-1),(4,4,-1),(3,3,-2),(4,3,0),(6,1,0),(4,1,1),(3,1,0),(4,1,0),(3,1,-1),(4,2,-1),(6,1,-1),(4,3,-3),(3,2,-3),(4,3,-2)]]
---[22]---
level:27
tile_count:8
start_index:9
direction:cw
center_tile:[(6,0,0),(4,-1,0),(3,-1,0),(4,-1,-1),(6,0,-1),(4,0,-3),(3,-1,-2),(4,1,-3),(3,0,-2),(4,1,-2),(6,1,-1),(4,2,-1),(3,1,-1),(4,1,-1)]
boundary:[[(4,-5,2),(3,-4,3),(4,-4,1),(6,-2,0),(4,-3,-1),(3,-4,1),(4,-3,-2),(3,-4,0),(4,-2,-3),(3,-3,-1),(4,-1,-3),(6,0,-2),(4,0,-5),(3,-2,-3),(4,1,-6),(6,1,-3),(4,3,-7),(3,0,-5),(4,3,-6),(3,0,-4),(4,3,-5),(3,1,-4),(4,3,-4),(6,2,-2),(4,4,-3),(6,2,-1),(4,5,-2),(3,4,-3),(4,4,-1),(3,3,-2),(4,3,-1),(6,1,0),(4,1,0),(3,1,0),(4,0,1),(6,0,1),(4,-1,3),(3,0,2),(4,-1,2),(6,-1,1),(4,-3,3),(3,-2,3),(4,-4,3),(6,-2,1)]]
constellation:[(3,-3,2),(3,-2,0),(3,-1,-2),(3,-1,0),(3,-1,1),(3,0,-2),(3,1,-1),(3,2,-3),(4,-3,1),(4,-2,-1),(4,-2,1),(4,-1,-1),(4,-1,0),(4,0,-3),(4,1,-4),(4,1,-3),(4,1,-2),(4,1,-1),(4,2,-5),(4,2,-1),(4,3,-3),(6,-1,-1),(6,-1,0),(6,0,-1),(6,0,0),(6,1,-2),(6,1,-1)]
tiles:[[(6,0,0),(4,-1,0),(3,-1,0),(4,-1,-1),(6,0,-1),(4,0,-3),(3,-1,-2),(4,1,-3),(3,0,-2),(4,1,-2),(6,1,-1),(4,2,-1),(3,1,-1),(4,1,-1)],[(6,1,-1),(4,1,-2),(3,0,-2),(4,1,-3),(6,1,-2),(4,2,-5),(3,0,-4),(4,3,-5),(3,1,-4),(4,3,-4),(6,2,-2),(4,4,-3),(3,2,-3),(4,3,-3)],[(6,0,-2),(4,0,-5),(3,-2,-3),(4,1,-6),(6,1,-3),(4,3,-7),(3,0,-5),(4,3,-6),(3,0,-4),(4,2,-5),(6,1,-2),(4,1,-3),(3,-1,-2),(4,1,-4)],[(6,0,-1),(4,-1,-1),(3,-2,0),(4,-2,-1),(6,-1,-1),(4,-3,-2),(3,-4,0),(4,-2,-3),(3,-3,-1),(4,-1,-3),(6,0,-2),(4,1,-4),(3,-1,-2),(4,0,-3)],[(4,-3,-1),(3,-4,1),(4,-3,-2),(6,-1,-1),(4,-2,-1),(3,-2,0),(4,-1,-1),(3,-1,0),(4,-1,0),(6,-1,0),(4,-3,1),(3,-3,2),(4,-4,1),(6,-2,0)],[(6,-1,1),(4,-2,1),(3,-1,1),(4,-1,0),(6,0,0),(4,1,-1),(3,1,-1),(4,1,0),(3,1,0),(4,0,1),(6,0,1),(4,-1,3),(3,0,2),(4,-1,2)],[(6,-1,1),(4,-3,3),(3,-2,3),(4,-4,3),(6,-2,1),(4,-5,2),(3,-4,3),(4,-4,1),(3,-3,2),(4,-3,1),(6,-1,0),(4,-1,0),(3,-1,1),(4,-2,1)],[(6,1,-1),(4,3,-3),(3,2,-3),(4,4,-3),(6,2,-1),(4,5,-2),(3,4,-3),(4,4,-1),(3,3,-2),(4,3,-1),(6,1,0),(4,1,0),(3,1,-1),(4,2,-1)]]
---[23]---
level:27
tile_count:8
start_index:9
direction:cw
center_tile:[(6,0,0),(4,-1,0),(3,-1,0),(4,-1,-1),(6,0,-1),(4,0,-3),(3,-1,-2),(4,1,-3),(3,0,-2),(4,1,-2),(6,1,-1),(4,2,-1),(3,1,-1),(4,1,-1)]
boundary:[[(4,-5,2),(3,-4,3),(4,-4,1),(6,-2,0),(4,-3,-1),(3,-4,1),(4,-3,-2),(3,-4,0),(4,-2,-3),(6,-1,-2),(4,-1,-5),(3,-3,-2),(4,0,-5),(3,-2,-3),(4,1,-5),(6,1,-3),(4,3,-6),(3,0,-4),(4,3,-5),(3,1,-4),(4,4,-5),(6,2,-2),(4,5,-4),(3,3,-4),(4,4,-3),(3,2,-3),(4,3,-2),(6,2,-1),(4,4,-1),(3,3,-2),(4,3,0),(6,1,0),(4,1,1),(3,1,0),(4,0,1),(6,0,1),(4,-1,3),(3,0,2),(4,-1,2),(6,-1,1),(4,-2,1),(3,-2,2),(4,-3,1),(6,-2,1)]]
constellation:[(3,-3,1),(3,-2,-1),(3,-1,-2),(3,-1,0),(3,-1,1),(3,0,-2),(3,1,-1),(4,-2,-1),(4,-1,-3),(4,-1,-1),(4,-1,0),(4,0,-3),(4,1,-4),(4,1,-3),(4,1,-2),(4,1,-1),(4,1,0),(4,2,-3),(4,2,-1),(4,3,-3),(6,-1,-1),(6,-1,0),(6,0,-2),(6,0,-1),(6,0,0),(6,1,-2),(6,1,-1)]
tiles:[[(6,0,0),(4,-1,0),(3,-1,0),(4,-1,-1),(6,0,-1),(4,0,-3),(3,-1,-2),(4,1,-3),(3,0,-2),(4,1,-2),(6,1,-1),(4,2,-1),(3,1,-1),(4,1,-1)],[(6,1,-2),(4,3,-5),(3,1,-4),(4,4,-5),(6,2,-2),(4,5,-4),(3,3,-4),(4,4,-3),(3,2,-3),(4,3,-3),(6,1,-1),(4,1,-2),(3,0,-2),(4,2,-3)],[(6,1,-3),(4,3,-6),(3,0,-4),(4,3,-5),(6,1,-2),(4,2,-3),(3,0,-2),(4,1,-3),(3,-1,-2),(4,1,-4),(6,0,-2),(4,0,-5),(3,-2,-3),(4,1,-5)],[(6,-1,-2),(4,-1,-5),(3,-3,-2),(4,0,-5),(6,0,-2),(4,1,-4),(3,-1,-2),(4,0,-3),(3,-2,-1),(4,-1,-3),(6,-1,-1),(4,-3,-2),(3,-4,0),(4,-2,-3)],[(4,-1,-1),(3,-1,0),(4,-1,0),(6,-1,0),(4,-2,-1),(3,-3,1),(4,-3,-1),(3,-4,1),(4,-3,-2),(6,-1,-1),(4,-1,-3),(3,-2,-1),(4,0,-3),(6,0,-1)],[(6,-1,1),(4,-2,1),(3,-1,1),(4,-1,0),(6,0,0),(4,1,-1),(3,1,-1),(4,1,0),(3,1,0),(4,0,1),(6,0,1),(4,-1,3),(3,0,2),(4,-1,2)],[(6,-2,0),(4,-3,-1),(3,-3,1),(4,-2,-1),(6,-1,0),(4,-1,0),(3,-1,1),(4,-2,1),(3,-2,2),(4,-3,1),(6,-2,1),(4,-5,2),(3,-4,3),(4,-4,1)],[(6,2,-1),(4,4,-1),(3,3,-2),(4,3,0),(6,1,0),(4,1,1),(3,1,0),(4,1,0),(3,1,-1),(4,2,-1),(6,1,-1),(4,3,-3),(3,2,-3),(4,3,-2)]]
---[24]---
level:27
tile_count:8
start_index:9
direction:cw
center_tile:[(6,0,0),(4,-1,0),(3,-1,0),(4,-1,-1),(6,0,-1),(4,0,-3),(3,-1,-2),(4,1,-3),(3,0,-2),(4,1,-2),(6,1,-1),(4,2,-1),(3,1,-1),(4,1,-1)]
boundary:[[(4,-5,2),(3,-4,3),(4,-4,1),(6,-2,0),(4,-3,-1),(3,-4,1),(4,-3,-2),(3,-4,0),(4,-2,-3),(6,-1,-2),(4,-1,-5),(3,-3,-2),(4,0,-5),(3,-2,-3),(4,1,-5),(6,1,-3),(4,3,-6),(3,0,-4),(4,3,-5),(3,1,-4),(4,4,-5),(6,2,-2),(4,5,-4),(3,3,-4),(4,4,-3),(6,2,-1),(4,5,-2),(3,4,-3),(4,4,-1),(3,3,-2),(4,3,-1),(6,1,0),(4,1,0),(3,1,0),(4,0,1),(6,0,1),(4,-1,3),(3,0,2),(4,-1,2),(6,-1,1),(4,-2,1),(3,-2,2),(4,-3,1),(6,-2,1)]]
constellation:[(3,-3,1),(3,-2,-1),(3,-1,-2),(3,-1,0),(3,-1,1),(3,0,-2),(3,1,-1),(3,2,-3),(4,-2,-1),(4,-1,-3),(4,-1,-1),(4,-1,0),(4,0,-3),(4,1,-4),(4,1,-3),(4,1,-2),(4,1,-1),(4,2,-3),(4,2,-1),(4,3,-3),(6,-1,-1),(6,-1,0),(6,0,-2),(6,0,-1),(6,0,0),(6,1,-2),(6,1,-1)]
tiles:[[(6,0,0),(4,-1,0),(3,-1,0),(4,-1,-1),(6,0,-1),(4,0,-3),(3,-1,-2),(4,1,-3),(3,0,-2),(4,1,-2),(6,1,-1),(4,2,-1),(3,1,-1),(4,1,-1)],[(6,1,-2),(4,3,-5),(3,1,-4),(4,4,-5),(6,2,-2),(4,5,-4),(3,3,-4),(4,4,-3),(3,2,-3),(4,3,-3),(6,1,-1),(4,1,-2),(3,0,-2),(4,2,-3)],[(6,1,-3),(4,3,-6),(3,0,-4),(4,3,-5),(6,1,-2),(4,2,-3),(3,0,-2),(4,1,-3),(3,-1,-2),(4,1,-4),(6,0,-2),(4,0,-5),(3,-2,-3),(4,1,-5)],[(6,-1,-2),(4,-1,-5),(3,-3,-2),(4,0,-5),(6,0,-2),(4,1,-4),(3,-1,-2),(4,0,-3),(3,-2,-1),(4,-1,-3),(6,-1,-1),(4,-3,-2),(3,-4,0),(4,-2,-3)],[(4,-1,-1),(3,-1,0),(4,-1,0),(6,-1,0),(4,-2,-1),(3,-3,1),(4,-3,-1),(3,-4,1),(4,-3,-2),(6,-1,-1),(4,-1,-3),(3,-2,-1),(4,0,-3),(6,0,-1)],[(6,-1,1),(4,-2,1),(3,-1,1),(4,-1,0),(6,0,0),(4,1,-1),(3,1,-1),(4,1,0),(3,1,0),(4,0,1),(6,0,1),(4,-1,3),(3,0,2),(4,-1,2)],[(6,-2,0),(4,-3,-1),(3,-3,1),(4,-2,-1),(6,-1,0),(4,-1,0),(3,-1,1),(4,-2,1),(3,-2,2),(4,-3,1),(6,-2,1),(4,-5,2),(3,-4,3),(4,-4,1)],[(6,1,-1),(4,3,-3),(3,2,-3),(4,4,-3),(6,2,-1),(4,5,-2),(3,4,-3),(4,4,-1),(3,3,-2),(4,3,-1),(6,1,0),(4,1,0),(3,1,-1),(4,2,-1)]]
---[25]---
level:27
tile_count:8
start_index:9
direction:cw
center_tile:[(6,0,0),(4,-1,0),(3,-1,0),(4,-1,-1),(6,0,-1),(4,0,-3),(3,-1,-2),(4,1,-3),(3,0,-2),(4,1,-2),(6,1,-1),(4,2,-1),(3,1,-1),(4,1,-1)]
boundary:[[(4,-5,2),(3,-4,3),(4,-4,1),(6,-2,0),(4,-3,-1),(3,-4,1),(4,-3,-2),(3,-4,0),(4,-2,-3),(6,-1,-2),(4,-1,-5),(3,-3,-2),(4,0,-5),(3,-2,-3),(4,1,-6),(6,1,-3),(4,3,-7),(3,0,-5),(4,3,-6),(3,0,-4),(4,3,-5),(3,1,-4),(4,3,-4),(6,2,-2),(4,4,-3),(3,2,-3),(4,3,-2),(6,2,-1),(4,4,-1),(3,3,-2),(4,3,0),(6,1,0),(4,1,1),(3,1,0),(4,0,1),(6,0,1),(4,-1,3),(3,0,2),(4,-1,2),(6,-1,1),(4,-2,1),(3,-2,2),(4,-3,1),(6,-2,1)]]
constellation:[(3,-3,1),(3,-2,-1),(3,-1,-2),(3,-1,0),(3,-1,1),(3,0,-2),(3,1,-1),(4,-2,-1),(4,-1,-3),(4,-1,-1),(4,-1,0),(4,0,-3),(4,1,-4),(4,1,-3),(4,1,-2),(4,1,-1),(4,1,0),(4,2,-5),(4,2,-1),(4,3,-3),(6,-1,-1),(6,-1,0),(6,0,-2),(6,0,-1),(6,0,0),(6,1,-2),(6,1,-1)]
tiles:[[(6,0,0),(4,-1,0),(3,-1,0),(4,-1,-1),(6,0,-1),(4,0,-3),(3,-1,-2),(4,1,-3),(3,0,-2),(4,1,-2),(6,1,-1),(4,2,-1),(3,1,-1),(4,1,-1)],[(6,1,-1),(4,1,-2),(3,0,-2),(4,1,-3),(6,1,-2),(4,2,-5),(3,0,-4),(4,3,-5),(3,1,-4),(4,3,-4),(6,2,-2),(4,4,-3),(3,2,-3),(4,3,-3)],[(6,0,-2),(4,0,-5),(3,-2,-3),(4,1,-6),(6,1,-3),(4,3,-7),(3,0,-5),(4,3,-6),(3,0,-4),(4,2,-5),(6,1,-2),(4,1,-3),(3,-1,-2),(4,1,-4)],[(6,-1,-2),(4,-1,-5),(3,-3,-2),(4,0,-5),(6,0,-2),(4,1,-4),(3,-1,-2),(4,0,-3),(3,-2,-1),(4,-1,-3),(6,-1,-1),(4,-3,-2),(3,-4,0),(4,-2,-3)],[(4,-1,-1),(3,-1,0),(4,-1,0),(6,-1,0),(4,-2,-1),(3,-3,1),(4,-3,-1),(3,-4,1),(4,-3,-2),(6,-1,-1),(4,-1,-3),(3,-2,-1),(4,0,-3),(6,0,-1)],[(6,-1,1),(4,-2,1),(3,-1,1),(4,-1,0),(6,0,0),(4,1,-1),(3,1,-1),(4,1,0),(3,1,0),(4,0,1),(6,0,1),(4,-1,3),(3,0,2),(4,-1,2)],[(6,-2,0),(4,-3,-1),(3,-3,1),(4,-2,-1),(6,-1,0),(4,-1,0),(3,-1,1),(4,-2,1),(3,-2,2),(4,-3,1),(6,-2,1),(4,-5,2),(3,-4,3),(4,-4,1)],[(6,2,-1),(4,4,-1),(3,3,-2),(4,3,0),(6,1,0),(4,1,1),(3,1,0),(4,1,0),(3,1,-1),(4,2,-1),(6,1,-1),(4,3,-3),(3,2,-3),(4,3,-2)]]
---[26]---
level:27
tile_count:8
start_index:9
direction:cw
center_tile:[(6,0,0),(4,-1,0),(3,-1,0),(4,-1,-1),(6,0,-1),(4,0,-3),(3,-1,-2),(4,1,-3),(3,0,-2),(4,1,-2),(6,1,-1),(4,2,-1),(3,1,-1),(4,1,-1)]
boundary:[[(4,-5,2),(3,-4,3),(4,-4,1),(6,-2,0),(4,-3,-1),(3,-4,1),(4,-3,-2),(3,-4,0),(4,-2,-3),(6,-1,-2),(4,-1,-5),(3,-3,-2),(4,0,-5),(3,-2,-3),(4,1,-6),(6,1,-3),(4,3,-7),(3,0,-5),(4,3,-6),(3,0,-4),(4,3,-5),(3,1,-4),(4,3,-4),(6,2,-2),(4,4,-3),(6,2,-1),(4,5,-2),(3,4,-3),(4,4,-1),(3,3,-2),(4,3,-1),(6,1,0),(4,1,0),(3,1,0),(4,0,1),(6,0,1),(4,-1,3),(3,0,2),(4,-1,2),(6,-1,1),(4,-2,1),(3,-2,2),(4,-3,1),(6,-2,1)]]
constellation:[(3,-3,1),(3,-2,-1),(3,-1,-2),(3,-1,0),(3,-1,1),(3,0,-2),(3,1,-1),(3,2,-3),(4,-2,-1),(4,-1,-3),(4,-1,-1),(4,-1,0),(4,0,-3),(4,1,-4),(4,1,-3),(4,1,-2),(4,1,-1),(4,2,-5),(4,2,-1),(4,3,-3),(6,-1,-1),(6,-1,0),(6,0,-2),(6,0,-1),(6,0,0),(6,1,-2),(6,1,-1)]
tiles:[[(6,0,0),(4,-1,0),(3,-1,0),(4,-1,-1),(6,0,-1),(4,0,-3),(3,-1,-2),(4,1,-3),(3,0,-2),(4,1,-2),(6,1,-1),(4,2,-1),(3,1,-1),(4,1,-1)],[(6,1,-1),(4,1,-2),(3,0,-2),(4,1,-3),(6,1,-2),(4,2,-5),(3,0,-4),(4,3,-5),(3,1,-4),(4,3,-4),(6,2,-2),(4,4,-3),(3,2,-3),(4,3,-3)],[(6,0,-2),(4,0,-5),(3,-2,-3),(4,1,-6),(6,1,-3),(4,3,-7),(3,0,-5),(4,3,-6),(3,0,-4),(4,2,-5),(6,1,-2),(4,1,-3),(3,-1,-2),(4,1,-4)],[(6,-1,-2),(4,-1,-5),(3,-3,-2),(4,0,-5),(6,0,-2),(4,1,-4),(3,-1,-2),(4,0,-3),(3,-2,-1),(4,-1,-3),(6,-1,-1),(4,-3,-2),(3,-4,0),(4,-2,-3)],[(4,-1,-1),(3,-1,0),(4,-1,0),(6,-1,0),(4,-2,-1),(3,-3,1),(4,-3,-1),(3,-4,1),(4,-3,-2),(6,-1,-1),(4,-1,-3),(3,-2,-1),(4,0,-3),(6,0,-1)],[(6,-1,1),(4,-2,1),(3,-1,1),(4,-1,0),(6,0,0),(4,1,-1),(3,1,-1),(4,1,0),(3,1,0),(4,0,1),(6,0,1),(4,-1,3),(3,0,2),(4,-1,2)],[(6,-2,0),(4,-3,-1),(3,-3,1),(4,-2,-1),(6,-1,0),(4,-1,0),(3,-1,1),(4,-2,1),(3,-2,2),(4,-3,1),(6,-2,1),(4,-5,2),(3,-4,3),(4,-4,1)],[(6,1,-1),(4,3,-3),(3,2,-3),(4,4,-3),(6,2,-1),(4,5,-2),(3,4,-3),(4,4,-1),(3,3,-2),(4,3,-1),(6,1,0),(4,1,0),(3,1,-1),(4,2,-1)]]
