---[1]---
level:20
tile_count:7
center_tile:[(3,7,-1),(4,5,3),(6,2,2),(4,3,4),(3,5,1),(4,3,5),(3,6,1),(4,4,5),(6,2,3),(4,5,6),(3,8,0),(4,5,5),(6,3,2),(4,6,3)]
boundary:[[(3,2,1),(4,1,2),(6,1,1),(4,2,3),(3,4,0),(4,3,3),(3,5,0),(4,4,3),(6,2,1),(4,5,1),(3,6,-2),(4,6,1),(6,3,1),(4,7,2),(6,4,1),(4,8,3),(3,10,-3),(4,9,3),(6,4,2),(4,7,4),(3,9,-1),(4,6,5),(6,3,3),(4,7,6),(3,10,0),(4,7,7),(6,3,4),(4,5,8),(3,9,2),(4,4,9),(6,2,4),(4,5,7),(3,8,1),(4,4,7),(3,7,2),(4,3,7),(6,1,4),(4,1,8),(3,5,3),(4,1,7),(3,4,3),(4,1,6),(6,0,3),(4,0,5),(6,0,2),(4,1,3)]]
constellation:[(3,3,2),(3,5,1),(3,6,1),(3,7,-1),(3,8,-2),(3,8,0),(4,1,5),(4,2,7),(4,3,4),(4,3,5),(4,4,5),(4,5,3),(4,5,5),(4,5,6),(4,6,3),(6,1,2),(6,1,3),(6,2,2),(6,2,3),(6,3,2)]
tiles:[[(6,3,4),(4,7,7),(3,10,0),(4,7,6),(6,3,3),(4,6,5),(3,8,0),(4,5,6),(3,8,1),(4,5,7),(6,2,4),(4,4,9),(3,9,2),(4,5,8)],[(3,10,-3),(4,8,3),(6,4,1),(4,7,2),(3,8,-2),(4,6,3),(6,3,2),(4,5,5),(3,8,0),(4,6,5),(3,9,-1),(4,7,4),(6,4,2),(4,9,3)],[(3,7,-1),(4,5,3),(6,2,2),(4,3,4),(3,5,1),(4,3,5),(3,6,1),(4,4,5),(6,2,3),(4,5,6),(3,8,0),(4,5,5),(6,3,2),(4,6,3)],[(3,8,1),(4,4,7),(3,7,2),(4,3,7),(6,1,4),(4,1,8),(3,5,3),(4,2,7),(6,1,3),(4,3,5),(3,6,1),(4,4,5),(6,2,3),(4,5,6)],[(3,5,1),(4,3,5),(6,1,3),(4,2,7),(3,5,3),(4,1,7),(3,4,3),(4,1,6),(6,0,3),(4,0,5),(3,3,2),(4,1,5),(6,1,2),(4,3,4)],[(3,5,0),(4,3,4),(6,1,2),(4,1,5),(3,3,2),(4,0,5),(6,0,2),(4,1,3),(3,2,1),(4,1,2),(6,1,1),(4,2,3),(3,4,0),(4,3,3)],[(3,8,-2),(4,6,3),(3,7,-1),(4,5,3),(6,2,2),(4,3,4),(3,5,0),(4,4,3),(6,2,1),(4,5,1),(3,6,-2),(4,6,1),(6,3,1),(4,7,2)]]
---[2]---
level:21
tile_count:7
center_tile:[(3,5,1),(4,3,5),(6,1,3),(4,2,7),(3,6,2),(4,3,7),(6,2,3),(4,5,6),(3,8,0),(4,5,5),(3,7,0),(4,4,5),(6,2,2),(4,3,4)]
boundary:[[(3,2,1),(4,1,2),(6,1,1),(4,3,1),(3,4,-1),(4,4,1),(6,2,1),(4,3,3),(3,5,0),(4,4,3),(3,6,-1),(4,5,3),(6,3,1),(4,7,2),(6,4,1),(4,8,3),(3,10,-3),(4,9,3),(6,4,2),(4,7,4),(3,9,-1),(4,6,5),(6,3,3),(4,5,7),(3,9,1),(4,5,8),(3,9,2),(4,4,9),(6,2,4),(4,3,8),(6,1,4),(4,1,9),(3,5,4),(4,0,9),(6,0,4),(4,1,7),(3,4,3),(4,0,7),(6,0,3),(4,1,5),(3,3,2),(4,1,4),(3,3,1),(4,1,3)]]
constellation:[(3,5,1),(3,6,2),(3,7,0),(3,7,2),(3,8,-2),(3,8,0),(4,1,6),(4,2,3),(4,2,7),(4,3,4),(4,3,5),(4,3,7),(4,4,5),(4,5,5),(4,5,6),(4,6,3),(6,1,2),(6,1,3),(6,2,2),(6,2,3),(6,3,2)]
tiles:[[(6,4,1),(4,7,2),(3,8,-2),(4,6,3),(6,3,2),(4,5,5),(3,8,0),(4,6,5),(3,9,-1),(4,7,4),(6,4,2),(4,9,3),(3,10,-3),(4,8,3)],[(3,5,1),(4,3,5),(6,1,3),(4,2,7),(3,6,2),(4,3,7),(6,2,3),(4,5,6),(3,8,0),(4,5,5),(3,7,0),(4,4,5),(6,2,2),(4,3,4)],[(3,7,2),(4,3,8),(6,2,4),(4,4,9),(3,9,2),(4,5,8),(3,9,1),(4,5,7),(6,3,3),(4,6,5),(3,8,0),(4,5,6),(6,2,3),(4,3,7)],[(3,4,3),(4,1,6),(6,1,3),(4,2,7),(3,6,2),(4,3,7),(3,7,2),(4,3,8),(6,1,4),(4,1,9),(3,5,4),(4,0,9),(6,0,4),(4,1,7)],[(3,5,1),(4,3,5),(6,1,3),(4,1,6),(3,4,3),(4,0,7),(6,0,3),(4,1,5),(3,3,2),(4,1,4),(3,3,1),(4,2,3),(6,1,2),(4,3,4)],[(3,5,0),(4,3,4),(6,2,2),(4,4,5),(3,7,0),(4,5,5),(6,3,2),(4,6,3),(3,8,-2),(4,7,2),(6,3,1),(4,5,3),(3,6,-1),(4,4,3)],[(3,2,1),(4,1,3),(3,3,1),(4,2,3),(6,1,2),(4,3,4),(3,5,0),(4,3,3),(6,2,1),(4,4,1),(3,4,-1),(4,3,1),(6,1,1),(4,1,2)]]
---[3]---
level:21
tile_count:7
center_tile:[(3,6,1),(4,3,5),(6,2,2),(4,4,3),(3,6,-1),(4,5,3),(3,7,-1),(4,5,4),(6,3,2),(4,6,5),(3,8,0),(4,5,5),(6,2,3),(4,3,6)]
boundary:[[(3,3,1),(4,1,3),(6,1,1),(4,3,2),(3,4,-1),(4,4,1),(3,5,-2),(4,5,0),(6,3,0),(4,6,1),(3,7,-3),(4,7,1),(3,8,-3),(4,8,1),(6,4,1),(4,7,3),(3,9,-2),(4,7,4),(3,9,-1),(4,7,5),(6,4,2),(4,9,4),(3,11,-2),(4,8,5),(6,4,3),(4,7,7),(3,10,0),(4,6,7),(6,3,3),(4,5,6),(3,8,1),(4,4,7),(6,2,4),(4,3,9),(3,7,3),(4,3,8),(6,1,4),(4,2,7),(6,1,3),(4,1,6),(3,4,2),(4,1,5),(6,1,2),(4,2,3)]]
constellation:[(3,5,0),(3,6,-1),(3,6,1),(3,6,2),(3,7,-1),(3,8,0),(4,3,4),(4,3,5),(4,3,6),(4,4,3),(4,5,1),(4,5,3),(4,5,4),(4,5,5),(4,6,5),(4,7,2),(6,2,1),(6,2,2),(6,2,3),(6,3,1),(6,3,2)]
tiles:[[(6,4,3),(4,7,7),(3,10,0),(4,6,7),(6,3,3),(4,5,6),(3,8,0),(4,6,5),(3,9,-1),(4,7,5),(6,4,2),(4,9,4),(3,11,-2),(4,8,5)],[(3,7,3),(4,3,8),(6,1,4),(4,2,7),(3,6,2),(4,3,6),(6,2,3),(4,5,5),(3,8,0),(4,5,6),(3,8,1),(4,4,7),(6,2,4),(4,3,9)],[(3,6,1),(4,3,5),(6,2,2),(4,4,3),(3,6,-1),(4,5,3),(3,7,-1),(4,5,4),(6,3,2),(4,6,5),(3,8,0),(4,5,5),(6,2,3),(4,3,6)],[(3,9,-1),(4,7,4),(3,9,-2),(4,7,3),(6,4,1),(4,8,1),(3,8,-3),(4,7,2),(6,3,1),(4,5,3),(3,7,-1),(4,5,4),(6,3,2),(4,6,5)],[(3,6,-1),(4,5,3),(6,3,1),(4,7,2),(3,8,-3),(4,7,1),(3,7,-3),(4,6,1),(6,3,0),(4,5,0),(3,5,-2),(4,5,1),(6,2,1),(4,4,3)],[(3,3,1),(4,2,3),(6,1,2),(4,3,4),(3,5,0),(4,4,3),(6,2,1),(4,5,1),(3,5,-2),(4,4,1),(3,4,-1),(4,3,2),(6,1,1),(4,1,3)],[(3,6,2),(4,3,6),(3,6,1),(4,3,5),(6,2,2),(4,4,3),(3,5,0),(4,3,4),(6,1,2),(4,1,5),(3,4,2),(4,1,6),(6,1,3),(4,2,7)]]
---[4]---
level:21
tile_count:7
center_tile:[(3,6,1),(4,3,5),(6,2,2),(4,4,3),(3,6,-1),(4,5,3),(3,7,-1),(4,5,4),(6,3,2),(4,6,5),(3,8,0),(4,5,5),(6,2,3),(4,3,6)]
boundary:[[(3,3,1),(4,2,3),(3,4,0),(4,3,3),(6,2,1),(4,4,1),(3,5,-2),(4,5,1),(6,3,0),(4,7,0),(3,7,-3),(4,7,1),(6,3,1),(4,6,3),(3,8,-2),(4,7,3),(6,4,1),(4,9,2),(3,10,-3),(4,8,3),(6,4,2),(4,9,4),(3,11,-2),(4,8,5),(6,4,3),(4,7,7),(3,10,0),(4,6,7),(3,9,1),(4,5,8),(6,2,4),(4,3,9),(3,7,3),(4,3,8),(3,7,2),(4,3,7),(6,1,4),(4,1,8),(3,5,3),(4,1,7),(6,1,3),(4,2,5),(6,1,2),(4,1,4)]]
constellation:[(3,5,1),(3,6,-1),(3,6,1),(3,7,-1),(3,8,0),(3,9,-1),(4,3,5),(4,3,6),(4,4,3),(4,4,7),(4,5,2),(4,5,3),(4,5,4),(4,5,5),(4,5,6),(4,6,5),(4,7,5),(6,2,2),(6,2,3),(6,3,2),(6,3,3)]
tiles:[[(6,4,2),(4,7,5),(3,9,-1),(4,6,5),(6,3,2),(4,5,4),(3,7,-1),(4,6,3),(3,8,-2),(4,7,3),(6,4,1),(4,9,2),(3,10,-3),(4,8,3)],[(3,6,1),(4,3,5),(6,2,2),(4,4,3),(3,6,-1),(4,5,3),(3,7,-1),(4,5,4),(6,3,2),(4,6,5),(3,8,0),(4,5,5),(6,2,3),(4,3,6)],[(3,6,-1),(4,5,2),(6,2,1),(4,4,1),(3,5,-2),(4,5,1),(6,3,0),(4,7,0),(3,7,-3),(4,7,1),(6,3,1),(4,6,3),(3,7,-1),(4,5,3)],[(3,8,0),(4,5,6),(6,3,3),(4,6,7),(3,10,0),(4,7,7),(6,4,3),(4,8,5),(3,11,-2),(4,9,4),(6,4,2),(4,7,5),(3,9,-1),(4,6,5)],[(3,3,1),(4,1,4),(6,1,2),(4,2,5),(3,5,1),(4,3,5),(6,2,2),(4,4,3),(3,6,-1),(4,5,2),(6,2,1),(4,3,3),(3,4,0),(4,2,3)],[(3,7,2),(4,4,7),(6,2,3),(4,3,6),(3,6,1),(4,3,5),(3,5,1),(4,2,5),(6,1,3),(4,1,7),(3,5,3),(4,1,8),(6,1,4),(4,3,7)],[(3,9,1),(4,6,7),(6,3,3),(4,5,6),(3,8,0),(4,5,5),(6,2,3),(4,4,7),(3,7,2),(4,3,8),(3,7,3),(4,3,9),(6,2,4),(4,5,8)]]
---[5]---
level:21
tile_count:7
center_tile:[(3,6,2),(4,3,7),(6,2,3),(4,5,6),(3,8,0),(4,5,5),(3,7,0),(4,4,5),(6,2,2),(4,3,4),(3,5,1),(4,3,5),(6,1,3),(4,2,7)]
boundary:[[(3,2,1),(4,1,2),(6,1,1),(4,3,1),(3,4,-1),(4,4,1),(6,2,1),(4,5,2),(3,6,-2),(4,6,1),(6,3,1),(4,5,3),(3,7,-1),(4,5,4),(6,3,2),(4,7,3),(3,9,-2),(4,8,3),(6,4,2),(4,7,5),(3,10,-1),(4,7,6),(6,3,3),(4,5,7),(3,9,1),(4,5,8),(3,9,2),(4,4,9),(6,2,4),(4,3,8),(6,1,4),(4,1,9),(3,5,4),(4,0,9),(6,0,4),(4,1,7),(3,4,3),(4,0,7),(6,0,3),(4,1,5),(3,3,2),(4,1,4),(3,3,1),(4,1,3)]]
constellation:[(3,5,0),(3,5,1),(3,6,2),(3,7,0),(3,7,2),(3,8,0),(4,1,6),(4,2,3),(4,2,7),(4,3,3),(4,3,4),(4,3,5),(4,3,7),(4,4,5),(4,5,5),(4,5,6),(4,6,5),(6,1,2),(6,1,3),(6,2,2),(6,2,3)]
tiles:[[(6,2,1),(4,3,3),(3,5,0),(4,3,4),(6,2,2),(4,4,5),(3,7,0),(4,5,4),(3,7,-1),(4,5,3),(6,3,1),(4,6,1),(3,6,-2),(4,5,2)],[(3,6,2),(4,3,7),(6,2,3),(4,5,6),(3,8,0),(4,5,5),(3,7,0),(4,4,5),(6,2,2),(4,3,4),(3,5,1),(4,3,5),(6,1,3),(4,2,7)],[(3,8,0),(4,6,5),(6,3,3),(4,7,6),(3,10,-1),(4,7,5),(6,4,2),(4,8,3),(3,9,-2),(4,7,3),(6,3,2),(4,5,4),(3,7,0),(4,5,5)],[(3,9,2),(4,4,9),(6,2,4),(4,3,8),(3,7,2),(4,3,7),(6,2,3),(4,5,6),(3,8,0),(4,6,5),(6,3,3),(4,5,7),(3,9,1),(4,5,8)],[(3,4,3),(4,1,6),(6,1,3),(4,2,7),(3,6,2),(4,3,7),(3,7,2),(4,3,8),(6,1,4),(4,1,9),(3,5,4),(4,0,9),(6,0,4),(4,1,7)],[(3,3,1),(4,2,3),(6,1,2),(4,3,4),(3,5,1),(4,3,5),(6,1,3),(4,1,6),(3,4,3),(4,0,7),(6,0,3),(4,1,5),(3,3,2),(4,1,4)],[(3,4,-1),(4,4,1),(6,2,1),(4,3,3),(3,5,0),(4,3,4),(6,1,2),(4,2,3),(3,3,1),(4,1,3),(3,2,1),(4,1,2),(6,1,1),(4,3,1)]]
---[6]---
level:21
tile_count:7
center_tile:[(3,8,1),(4,5,6),(6,3,3),(4,7,5),(3,9,-1),(4,7,4),(6,3,2),(4,6,3),(3,7,-1),(4,5,4),(3,7,0),(4,5,5),(6,2,3),(4,4,7)]
boundary:[[(3,4,0),(4,3,2),(6,2,1),(4,4,3),(3,6,-1),(4,5,3),(6,3,1),(4,7,2),(3,8,-3),(4,8,1),(3,9,-4),(4,9,1),(6,4,1),(4,8,3),(6,4,2),(4,9,4),(3,11,-2),(4,9,5),(6,4,3),(4,7,6),(3,10,0),(4,7,7),(3,11,0),(4,7,8),(6,3,4),(4,5,9),(3,9,2),(4,4,9),(3,8,3),(4,3,10),(6,1,5),(4,2,9),(3,6,4),(4,1,9),(6,1,4),(4,3,8),(3,7,2),(4,3,7),(3,6,2),(4,3,6),(6,1,3),(4,2,5),(6,1,2),(4,3,3)]]
constellation:[(3,5,1),(3,7,-1),(3,7,0),(3,8,1),(3,9,-2),(3,9,-1),(4,3,5),(4,4,7),(4,5,4),(4,5,5),(4,5,6),(4,5,7),(4,6,3),(4,6,7),(4,7,4),(4,7,5),(6,2,2),(6,2,3),(6,2,4),(6,3,2),(6,3,3)]
tiles:[[(6,1,2),(4,2,5),(3,5,1),(4,3,5),(6,2,2),(4,5,4),(3,7,-1),(4,5,3),(3,6,-1),(4,4,3),(6,2,1),(4,3,2),(3,4,0),(4,3,3)],[(3,8,1),(4,5,6),(6,3,3),(4,7,5),(3,9,-1),(4,7,4),(6,3,2),(4,6,3),(3,7,-1),(4,5,4),(3,7,0),(4,5,5),(6,2,3),(4,4,7)],[(3,9,-2),(4,8,3),(6,4,1),(4,9,1),(3,9,-4),(4,8,1),(3,8,-3),(4,7,2),(6,3,1),(4,5,3),(3,7,-1),(4,6,3),(6,3,2),(4,7,4)],[(3,10,0),(4,6,7),(6,3,3),(4,7,5),(3,9,-1),(4,7,4),(3,9,-2),(4,8,3),(6,4,2),(4,9,4),(3,11,-2),(4,9,5),(6,4,3),(4,7,6)],[(3,8,1),(4,5,6),(6,3,3),(4,6,7),(3,10,0),(4,7,7),(3,11,0),(4,7,8),(6,3,4),(4,5,9),(3,9,2),(4,4,9),(6,2,4),(4,5,7)],[(3,6,4),(4,1,9),(6,1,4),(4,3,8),(3,7,2),(4,4,7),(3,8,1),(4,5,7),(6,2,4),(4,4,9),(3,8,3),(4,3,10),(6,1,5),(4,2,9)],[(3,5,1),(4,3,5),(6,2,2),(4,5,4),(3,7,0),(4,5,5),(6,2,3),(4,4,7),(3,7,2),(4,3,7),(3,6,2),(4,3,6),(6,1,3),(4,2,5)]]
---[7]---
level:21
tile_count:7
center_tile:[(6,1,3),(4,2,7),(3,6,2),(4,3,7),(6,2,3),(4,5,6),(3,8,0),(4,5,5),(3,7,0),(4,4,5),(6,2,2),(4,3,4),(3,5,1),(4,3,5)]
boundary:[[(3,2,1),(4,1,2),(6,1,1),(4,3,1),(3,4,-1),(4,4,1),(6,2,1),(4,3,3),(3,5,0),(4,4,3),(3,6,-1),(4,5,3),(6,3,1),(4,7,2),(6,4,1),(4,8,3),(3,10,-3),(4,9,3),(6,4,2),(4,7,4),(3,9,-1),(4,7,5),(6,3,3),(4,6,7),(3,9,1),(4,5,8),(6,2,4),(4,4,7),(3,7,2),(4,3,8),(6,1,4),(4,1,9),(3,5,4),(4,0,9),(6,0,4),(4,1,7),(3,4,3),(4,0,7),(6,0,3),(4,1,5),(3,3,2),(4,1,4),(3,3,1),(4,1,3)]]
constellation:[(3,5,1),(3,6,2),(3,7,0),(3,8,-2),(3,8,0),(4,1,6),(4,2,3),(4,2,7),(4,3,4),(4,3,5),(4,3,7),(4,4,5),(4,5,5),(4,5,6),(4,6,3),(4,6,5),(6,1,2),(6,1,3),(6,2,2),(6,2,3),(6,3,2)]
tiles:[[(6,1,3),(4,2,7),(3,6,2),(4,3,7),(6,2,3),(4,5,6),(3,8,0),(4,5,5),(3,7,0),(4,4,5),(6,2,2),(4,3,4),(3,5,1),(4,3,5)],[(3,9,1),(4,6,7),(6,3,3),(4,7,5),(3,9,-1),(4,6,5),(3,8,0),(4,5,6),(6,2,3),(4,3,7),(3,7,2),(4,4,7),(6,2,4),(4,5,8)],[(3,9,-1),(4,7,4),(6,4,2),(4,9,3),(3,10,-3),(4,8,3),(6,4,1),(4,7,2),(3,8,-2),(4,6,3),(6,3,2),(4,5,5),(3,8,0),(4,6,5)],[(3,7,2),(4,3,8),(6,1,4),(4,1,9),(3,5,4),(4,0,9),(6,0,4),(4,1,7),(3,4,3),(4,1,6),(6,1,3),(4,2,7),(3,6,2),(4,3,7)],[(3,5,1),(4,3,5),(6,1,3),(4,1,6),(3,4,3),(4,0,7),(6,0,3),(4,1,5),(3,3,2),(4,1,4),(3,3,1),(4,2,3),(6,1,2),(4,3,4)],[(3,5,0),(4,3,4),(6,2,2),(4,4,5),(3,7,0),(4,5,5),(6,3,2),(4,6,3),(3,8,-2),(4,7,2),(6,3,1),(4,5,3),(3,6,-1),(4,4,3)],[(3,2,1),(4,1,3),(3,3,1),(4,2,3),(6,1,2),(4,3,4),(3,5,0),(4,3,3),(6,2,1),(4,4,1),(3,4,-1),(4,3,1),(6,1,1),(4,1,2)]]
---[8]---
level:21
tile_count:7
center_tile:[(6,3,3),(4,7,5),(3,9,-1),(4,7,4),(6,3,2),(4,6,3),(3,7,-1),(4,5,4),(3,7,0),(4,5,5),(6,2,3),(4,4,7),(3,8,1),(4,5,6)]
boundary:[[(3,4,0),(4,3,2),(6,2,1),(4,4,3),(3,6,-1),(4,5,2),(6,3,1),(4,7,1),(3,8,-3),(4,8,1),(6,4,1),(4,7,3),(3,9,-2),(4,8,3),(6,4,2),(4,9,4),(3,11,-2),(4,9,5),(6,4,3),(4,7,6),(3,10,0),(4,7,7),(3,11,0),(4,7,8),(6,3,4),(4,5,9),(3,9,2),(4,4,9),(3,8,3),(4,3,10),(6,1,5),(4,2,9),(3,6,4),(4,1,9),(6,1,4),(4,3,8),(3,7,2),(4,3,7),(3,6,2),(4,3,6),(6,1,3),(4,2,5),(6,1,2),(4,3,3)]]
constellation:[(3,5,1),(3,7,-1),(3,7,0),(3,8,1),(3,9,-1),(4,3,5),(4,4,7),(4,5,3),(4,5,4),(4,5,5),(4,5,6),(4,5,7),(4,6,3),(4,6,7),(4,7,4),(4,7,5),(6,2,2),(6,2,3),(6,2,4),(6,3,2),(6,3,3)]
tiles:[[(6,3,3),(4,7,5),(3,9,-1),(4,7,4),(6,3,2),(4,6,3),(3,7,-1),(4,5,4),(3,7,0),(4,5,5),(6,2,3),(4,4,7),(3,8,1),(4,5,6)],[(3,8,-3),(4,7,1),(6,3,1),(4,5,2),(3,6,-1),(4,5,3),(3,7,-1),(4,6,3),(6,3,2),(4,7,4),(3,9,-2),(4,7,3),(6,4,1),(4,8,1)],[(3,6,-1),(4,4,3),(6,2,1),(4,3,2),(3,4,0),(4,3,3),(6,1,2),(4,2,5),(3,5,1),(4,3,5),(6,2,2),(4,5,4),(3,7,-1),(4,5,3)],[(3,9,-2),(4,8,3),(6,4,2),(4,9,4),(3,11,-2),(4,9,5),(6,4,3),(4,7,6),(3,10,0),(4,6,7),(6,3,3),(4,7,5),(3,9,-1),(4,7,4)],[(3,8,1),(4,5,6),(6,3,3),(4,6,7),(3,10,0),(4,7,7),(3,11,0),(4,7,8),(6,3,4),(4,5,9),(3,9,2),(4,4,9),(6,2,4),(4,5,7)],[(3,6,4),(4,1,9),(6,1,4),(4,3,8),(3,7,2),(4,4,7),(3,8,1),(4,5,7),(6,2,4),(4,4,9),(3,8,3),(4,3,10),(6,1,5),(4,2,9)],[(3,5,1),(4,3,5),(6,2,2),(4,5,4),(3,7,0),(4,5,5),(6,2,3),(4,4,7),(3,7,2),(4,3,7),(3,6,2),(4,3,6),(6,1,3),(4,2,5)]]
---[9]---
level:22
tile_count:7
center_tile:[(3,5,1),(4,3,5),(6,1,3),(4,2,7),(3,6,2),(4,3,7),(6,2,3),(4,5,6),(3,8,0),(4,5,5),(3,7,0),(4,4,5),(6,2,2),(4,3,4)]
boundary:[[(3,3,1),(4,1,3),(6,1,1),(4,3,2),(3,4,-1),(4,4,1),(3,5,-2),(4,5,1),(6,2,1),(4,4,3),(3,6,-1),(4,5,3),(6,3,1),(4,7,2),(6,4,1),(4,8,3),(3,10,-3),(4,9,3),(6,4,2),(4,7,4),(3,9,-1),(4,6,5),(6,3,3),(4,5,7),(3,9,1),(4,5,8),(3,9,2),(4,4,9),(6,2,4),(4,3,8),(6,1,4),(4,1,9),(3,5,4),(4,0,9),(6,0,4),(4,1,7),(3,4,3),(4,0,7),(6,0,3),(4,1,5),(3,3,2),(4,1,4)]]
constellation:[(3,5,0),(3,5,1),(3,6,2),(3,7,0),(3,7,2),(3,8,-2),(3,8,0),(4,1,6),(4,2,3),(4,2,7),(4,3,4),(4,3,5),(4,3,7),(4,4,5),(4,5,5),(4,5,6),(4,6,3),(6,1,2),(6,1,3),(6,2,2),(6,2,3),(6,3,2)]
tiles:[[(6,4,1),(4,7,2),(3,8,-2),(4,6,3),(6,3,2),(4,5,5),(3,8,0),(4,6,5),(3,9,-1),(4,7,4),(6,4,2),(4,9,3),(3,10,-3),(4,8,3)],[(3,5,1),(4,3,5),(6,1,3),(4,2,7),(3,6,2),(4,3,7),(6,2,3),(4,5,6),(3,8,0),(4,5,5),(3,7,0),(4,4,5),(6,2,2),(4,3,4)],[(3,7,2),(4,3,8),(6,2,4),(4,4,9),(3,9,2),(4,5,8),(3,9,1),(4,5,7),(6,3,3),(4,6,5),(3,8,0),(4,5,6),(6,2,3),(4,3,7)],[(3,4,3),(4,1,6),(6,1,3),(4,2,7),(3,6,2),(4,3,7),(3,7,2),(4,3,8),(6,1,4),(4,1,9),(3,5,4),(4,0,9),(6,0,4),(4,1,7)],[(3,5,1),(4,3,5),(6,1,3),(4,1,6),(3,4,3),(4,0,7),(6,0,3),(4,1,5),(3,3,2),(4,1,4),(3,3,1),(4,2,3),(6,1,2),(4,3,4)],[(3,5,0),(4,3,4),(6,2,2),(4,4,5),(3,7,0),(4,5,5),(6,3,2),(4,6,3),(3,8,-2),(4,7,2),(6,3,1),(4,5,3),(3,6,-1),(4,4,3)],[(3,4,-1),(4,3,2),(6,1,1),(4,1,3),(3,3,1),(4,2,3),(6,1,2),(4,3,4),(3,5,0),(4,4,3),(6,2,1),(4,5,1),(3,5,-2),(4,4,1)]]
---[10]---
level:22
tile_count:7
center_tile:[(6,1,2),(4,2,5),(3,5,1),(4,3,5),(6,2,2),(4,5,4),(3,7,-1),(4,5,3),(3,6,-1),(4,4,3),(6,2,1),(4,3,2),(3,4,0),(4,3,3)]
boundary:[[(3,1,0),(4,1,0),(6,1,0),(4,2,1),(3,3,-1),(4,3,1),(3,4,-1),(4,4,1),(3,5,-2),(4,5,1),(6,3,0),(4,7,0),(3,7,-3),(4,7,1),(3,8,-3),(4,7,2),(6,4,1),(4,8,3),(6,4,2),(4,7,5),(3,10,-1),(4,7,6),(6,3,3),(4,6,5),(3,8,0),(4,5,5),(3,7,0),(4,4,5),(6,2,3),(4,3,7),(3,6,2),(4,2,7),(6,1,3),(4,1,6),(3,4,2),(4,1,5),(3,3,2),(4,1,4),(6,0,2),(4,0,3),(6,0,1),(4,1,1)]]
constellation:[(3,2,1),(3,4,0),(3,5,1),(3,6,-1),(3,7,-1),(3,9,-2),(4,1,3),(4,2,5),(4,3,2),(4,3,3),(4,3,5),(4,4,3),(4,5,3),(4,5,4),(4,6,1),(4,7,3),(6,1,1),(6,1,2),(6,2,1),(6,2,2),(6,3,1),(6,3,2)]
tiles:[[(6,1,2),(4,2,5),(3,5,1),(4,3,5),(6,2,2),(4,5,4),(3,7,-1),(4,5,3),(3,6,-1),(4,4,3),(6,2,1),(4,3,2),(3,4,0),(4,3,3)],[(3,4,2),(4,2,5),(6,1,2),(4,3,3),(3,4,0),(4,3,2),(6,1,1),(4,1,3),(3,2,1),(4,0,3),(6,0,2),(4,1,4),(3,3,2),(4,1,5)],[(3,6,2),(4,3,7),(6,2,3),(4,4,5),(3,7,0),(4,5,4),(6,2,2),(4,3,5),(3,5,1),(4,2,5),(3,4,2),(4,1,6),(6,1,3),(4,2,7)],[(3,7,0),(4,5,5),(3,8,0),(4,6,5),(6,3,3),(4,7,6),(3,10,-1),(4,7,5),(6,4,2),(4,8,3),(3,9,-2),(4,7,3),(6,3,2),(4,5,4)],[(3,7,-3),(4,6,1),(6,3,1),(4,5,3),(3,7,-1),(4,5,4),(6,3,2),(4,7,3),(3,9,-2),(4,8,3),(6,4,1),(4,7,2),(3,8,-3),(4,7,1)],[(3,4,-1),(4,3,2),(6,1,1),(4,1,3),(3,2,1),(4,0,3),(6,0,1),(4,1,1),(3,1,0),(4,1,0),(6,1,0),(4,2,1),(3,3,-1),(4,3,1)],[(3,7,-3),(4,6,1),(6,3,1),(4,5,3),(3,6,-1),(4,4,3),(6,2,1),(4,3,2),(3,4,-1),(4,4,1),(3,5,-2),(4,5,1),(6,3,0),(4,7,0)]]
---[11]---
level:22
tile_count:7
center_tile:[(6,1,3),(4,2,7),(3,6,2),(4,3,7),(6,2,3),(4,5,6),(3,8,0),(4,5,5),(3,7,0),(4,4,5),(6,2,2),(4,3,4),(3,5,1),(4,3,5)]
boundary:[[(3,3,1),(4,1,3),(6,1,1),(4,3,2),(3,4,-1),(4,4,1),(3,5,-2),(4,5,1),(6,2,1),(4,4,3),(3,6,-1),(4,5,3),(6,3,1),(4,7,2),(6,4,1),(4,8,3),(3,10,-3),(4,9,3),(6,4,2),(4,7,4),(3,9,-1),(4,7,5),(6,3,3),(4,6,7),(3,9,1),(4,5,8),(6,2,4),(4,4,7),(3,7,2),(4,3,8),(6,1,4),(4,1,9),(3,5,4),(4,0,9),(6,0,4),(4,1,7),(3,4,3),(4,0,7),(6,0,3),(4,1,5),(3,3,2),(4,1,4)]]
constellation:[(3,5,0),(3,5,1),(3,6,2),(3,7,0),(3,8,-2),(3,8,0),(4,1,6),(4,2,3),(4,2,7),(4,3,4),(4,3,5),(4,3,7),(4,4,5),(4,5,5),(4,5,6),(4,6,3),(4,6,5),(6,1,2),(6,1,3),(6,2,2),(6,2,3),(6,3,2)]
tiles:[[(6,1,3),(4,2,7),(3,6,2),(4,3,7),(6,2,3),(4,5,6),(3,8,0),(4,5,5),(3,7,0),(4,4,5),(6,2,2),(4,3,4),(3,5,1),(4,3,5)],[(3,9,1),(4,6,7),(6,3,3),(4,7,5),(3,9,-1),(4,6,5),(3,8,0),(4,5,6),(6,2,3),(4,3,7),(3,7,2),(4,4,7),(6,2,4),(4,5,8)],[(3,9,-1),(4,7,4),(6,4,2),(4,9,3),(3,10,-3),(4,8,3),(6,4,1),(4,7,2),(3,8,-2),(4,6,3),(6,3,2),(4,5,5),(3,8,0),(4,6,5)],[(3,7,2),(4,3,8),(6,1,4),(4,1,9),(3,5,4),(4,0,9),(6,0,4),(4,1,7),(3,4,3),(4,1,6),(6,1,3),(4,2,7),(3,6,2),(4,3,7)],[(3,5,1),(4,3,5),(6,1,3),(4,1,6),(3,4,3),(4,0,7),(6,0,3),(4,1,5),(3,3,2),(4,1,4),(3,3,1),(4,2,3),(6,1,2),(4,3,4)],[(3,5,0),(4,3,4),(6,2,2),(4,4,5),(3,7,0),(4,5,5),(6,3,2),(4,6,3),(3,8,-2),(4,7,2),(6,3,1),(4,5,3),(3,6,-1),(4,4,3)],[(3,4,-1),(4,3,2),(6,1,1),(4,1,3),(3,3,1),(4,2,3),(6,1,2),(4,3,4),(3,5,0),(4,4,3),(6,2,1),(4,5,1),(3,5,-2),(4,4,1)]]
---[12]---
level:22
tile_count:7
center_tile:[(6,2,2),(4,3,5),(3,6,1),(4,3,6),(6,2,3),(4,4,7),(3,8,1),(4,5,6),(3,8,0),(4,5,5),(6,3,2),(4,6,3),(3,7,-1),(4,5,4)]
boundary:[[(3,4,0),(4,3,2),(6,2,1),(4,5,1),(3,6,-2),(4,6,1),(6,3,1),(4,7,2),(3,8,-3),(4,8,1),(3,9,-4),(4,9,1),(6,4,1),(4,8,3),(6,4,2),(4,7,5),(3,10,-1),(4,7,6),(3,10,0),(4,7,7),(3,11,0),(4,7,8),(6,3,4),(4,5,9),(3,9,2),(4,4,9),(6,2,4),(4,3,8),(3,7,3),(4,2,9),(3,6,4),(4,1,9),(6,1,4),(4,2,7),(6,1,3),(4,1,6),(3,4,2),(4,1,5),(6,1,2),(4,3,4),(3,5,0),(4,3,3)]]
constellation:[(3,6,1),(3,6,2),(3,7,-1),(3,8,0),(3,8,1),(3,9,-2),(4,3,5),(4,3,6),(4,4,3),(4,4,7),(4,5,3),(4,5,4),(4,5,5),(4,5,6),(4,5,7),(4,6,3),(4,6,7),(4,7,4),(6,2,2),(6,2,3),(6,3,2),(6,3,3)]
tiles:[[(6,2,2),(4,3,5),(3,6,1),(4,3,6),(6,2,3),(4,4,7),(3,8,1),(4,5,6),(3,8,0),(4,5,5),(6,3,2),(4,6,3),(3,7,-1),(4,5,4)],[(3,6,4),(4,2,9),(3,7,3),(4,3,8),(6,2,4),(4,5,7),(3,8,1),(4,4,7),(6,2,3),(4,3,6),(3,6,2),(4,2,7),(6,1,4),(4,1,9)],[(3,9,2),(4,5,9),(6,3,4),(4,7,8),(3,11,0),(4,7,7),(3,10,0),(4,6,7),(6,3,3),(4,5,6),(3,8,1),(4,5,7),(6,2,4),(4,4,9)],[(3,5,0),(4,4,3),(6,2,2),(4,3,5),(3,6,1),(4,3,6),(3,6,2),(4,2,7),(6,1,3),(4,1,6),(3,4,2),(4,1,5),(6,1,2),(4,3,4)],[(3,7,-1),(4,5,4),(6,2,2),(4,4,3),(3,5,0),(4,3,3),(3,4,0),(4,3,2),(6,2,1),(4,5,1),(3,6,-2),(4,6,1),(6,3,1),(4,5,3)],[(3,9,-2),(4,7,4),(6,3,2),(4,6,3),(3,7,-1),(4,5,3),(6,3,1),(4,7,2),(3,8,-3),(4,8,1),(3,9,-4),(4,9,1),(6,4,1),(4,8,3)],[(3,8,0),(4,5,5),(6,3,2),(4,7,4),(3,9,-2),(4,8,3),(6,4,2),(4,7,5),(3,10,-1),(4,7,6),(3,10,0),(4,6,7),(6,3,3),(4,5,6)]]
---[13]---
level:22
tile_count:7
center_tile:[(6,2,3),(4,3,6),(3,6,1),(4,3,5),(6,2,2),(4,4,3),(3,6,-1),(4,5,3),(3,7,-1),(4,5,4),(6,3,2),(4,6,5),(3,8,0),(4,5,5)]
boundary:[[(3,3,1),(4,2,3),(3,4,0),(4,3,3),(6,2,1),(4,4,1),(3,5,-2),(4,5,1),(6,3,0),(4,7,0),(3,7,-3),(4,7,1),(3,8,-3),(4,8,1),(6,4,1),(4,9,2),(3,10,-3),(4,8,3),(6,4,2),(4,9,4),(3,11,-2),(4,8,5),(3,10,-1),(4,7,5),(6,3,3),(4,6,7),(3,9,1),(4,5,8),(6,2,4),(4,3,9),(3,7,3),(4,3,8),(3,7,2),(4,3,7),(6,1,4),(4,1,8),(3,5,3),(4,1,7),(6,1,3),(4,2,5),(6,1,2),(4,1,4)]]
constellation:[(3,5,1),(3,6,-1),(3,6,1),(3,7,-1),(3,8,0),(3,9,-2),(4,3,5),(4,3,6),(4,4,3),(4,4,7),(4,5,2),(4,5,3),(4,5,4),(4,5,5),(4,5,6),(4,6,3),(4,6,5),(4,7,3),(6,2,2),(6,2,3),(6,3,1),(6,3,2)]
tiles:[[(6,2,3),(4,3,6),(3,6,1),(4,3,5),(6,2,2),(4,4,3),(3,6,-1),(4,5,3),(3,7,-1),(4,5,4),(6,3,2),(4,6,5),(3,8,0),(4,5,5)],[(3,8,0),(4,6,5),(6,3,2),(4,7,3),(3,9,-2),(4,8,3),(6,4,2),(4,9,4),(3,11,-2),(4,8,5),(3,10,-1),(4,7,5),(6,3,3),(4,5,6)],[(3,7,2),(4,4,7),(6,2,3),(4,5,5),(3,8,0),(4,5,6),(6,3,3),(4,6,7),(3,9,1),(4,5,8),(6,2,4),(4,3,9),(3,7,3),(4,3,8)],[(3,5,1),(4,2,5),(6,1,3),(4,1,7),(3,5,3),(4,1,8),(6,1,4),(4,3,7),(3,7,2),(4,4,7),(6,2,3),(4,3,6),(3,6,1),(4,3,5)],[(3,6,-1),(4,5,2),(6,2,1),(4,3,3),(3,4,0),(4,2,3),(3,3,1),(4,1,4),(6,1,2),(4,2,5),(3,5,1),(4,3,5),(6,2,2),(4,4,3)],[(3,5,-2),(4,5,1),(6,3,0),(4,7,0),(3,7,-3),(4,7,1),(6,3,1),(4,6,3),(3,7,-1),(4,5,3),(3,6,-1),(4,5,2),(6,2,1),(4,4,1)],[(3,7,-1),(4,6,3),(6,3,1),(4,7,1),(3,8,-3),(4,8,1),(6,4,1),(4,9,2),(3,10,-3),(4,8,3),(3,9,-2),(4,7,3),(6,3,2),(4,5,4)]]
---[14]---
level:22
tile_count:7
center_tile:[(6,3,2),(4,6,3),(3,7,-1),(4,5,3),(6,2,2),(4,3,4),(3,5,1),(4,3,5),(3,6,1),(4,4,5),(6,2,3),(4,5,6),(3,8,0),(4,5,5)]
boundary:[[(3,2,1),(4,1,2),(6,1,1),(4,2,3),(3,4,0),(4,3,3),(3,5,0),(4,4,3),(6,2,1),(4,5,1),(3,6,-2),(4,6,1),(6,3,1),(4,7,2),(3,8,-2),(4,7,3),(3,9,-2),(4,7,4),(6,4,2),(4,8,5),(3,10,-1),(4,7,6),(3,10,0),(4,6,7),(6,3,4),(4,5,9),(3,9,2),(4,5,8),(6,2,4),(4,4,7),(3,7,2),(4,3,7),(6,1,4),(4,1,8),(3,5,3),(4,1,7),(3,4,3),(4,1,6),(6,0,3),(4,0,5),(6,0,2),(4,1,3)]]
constellation:[(3,3,2),(3,5,1),(3,6,1),(3,7,-1),(3,8,0),(3,8,1),(4,1,5),(4,2,7),(4,3,4),(4,3,5),(4,4,5),(4,5,3),(4,5,5),(4,5,6),(4,6,3),(4,7,5),(6,1,2),(6,1,3),(6,2,2),(6,2,3),(6,3,2),(6,3,3)]
tiles:[[(6,3,2),(4,6,3),(3,7,-1),(4,5,3),(6,2,2),(4,3,4),(3,5,1),(4,3,5),(3,6,1),(4,4,5),(6,2,3),(4,5,6),(3,8,0),(4,5,5)],[(3,8,-2),(4,6,3),(6,3,2),(4,5,5),(3,8,0),(4,5,6),(6,3,3),(4,7,5),(3,10,-1),(4,8,5),(6,4,2),(4,7,4),(3,9,-2),(4,7,3)],[(3,6,-2),(4,5,1),(6,2,1),(4,4,3),(3,5,0),(4,3,4),(6,2,2),(4,5,3),(3,7,-1),(4,6,3),(3,8,-2),(4,7,2),(6,3,1),(4,6,1)],[(3,5,0),(4,3,3),(3,4,0),(4,2,3),(6,1,1),(4,1,2),(3,2,1),(4,1,3),(6,0,2),(4,0,5),(3,3,2),(4,1,5),(6,1,2),(4,3,4)],[(3,5,3),(4,2,7),(6,1,3),(4,3,5),(3,5,1),(4,3,4),(6,1,2),(4,1,5),(3,3,2),(4,0,5),(6,0,3),(4,1,6),(3,4,3),(4,1,7)],[(3,8,1),(4,5,6),(6,3,3),(4,7,5),(3,10,-1),(4,7,6),(3,10,0),(4,6,7),(6,3,4),(4,5,9),(3,9,2),(4,5,8),(6,2,4),(4,4,7)],[(3,5,3),(4,2,7),(6,1,3),(4,3,5),(3,6,1),(4,4,5),(6,2,3),(4,5,6),(3,8,1),(4,4,7),(3,7,2),(4,3,7),(6,1,4),(4,1,8)]]
---[15]---
level:23
tile_count:7
center_tile:[(6,1,2),(4,2,5),(3,5,1),(4,3,5),(6,2,2),(4,5,4),(3,7,-1),(4,5,3),(3,6,-1),(4,4,3),(6,2,1),(4,3,2),(3,4,0),(4,3,3)]
boundary:[[(3,1,0),(4,1,0),(6,1,0),(4,2,1),(3,3,-1),(4,3,1),(3,4,-1),(4,4,1),(3,5,-2),(4,5,1),(6,3,0),(4,7,0),(3,7,-3),(4,7,1),(3,8,-3),(4,7,2),(6,4,1),(4,8,3),(3,9,-2),(4,7,4),(3,9,-1),(4,6,5),(6,3,3),(4,5,7),(3,8,1),(4,5,6),(6,2,3),(4,3,7),(3,6,2),(4,2,7),(6,1,3),(4,1,6),(3,4,2),(4,1,5),(3,3,2),(4,1,4),(6,0,2),(4,0,3),(6,0,1),(4,1,1)]]
constellation:[(3,2,1),(3,4,0),(3,5,1),(3,6,-1),(3,7,-1),(3,7,0),(4,1,3),(4,2,5),(4,3,2),(4,3,3),(4,3,5),(4,4,3),(4,4,5),(4,5,3),(4,5,4),(4,6,1),(4,7,3),(6,1,1),(6,1,2),(6,2,1),(6,2,2),(6,3,1),(6,3,2)]
tiles:[[(6,1,2),(4,2,5),(3,5,1),(4,3,5),(6,2,2),(4,5,4),(3,7,-1),(4,5,3),(3,6,-1),(4,4,3),(6,2,1),(4,3,2),(3,4,0),(4,3,3)],[(3,4,2),(4,2,5),(6,1,2),(4,3,3),(3,4,0),(4,3,2),(6,1,1),(4,1,3),(3,2,1),(4,0,3),(6,0,2),(4,1,4),(3,3,2),(4,1,5)],[(3,6,2),(4,3,7),(6,2,3),(4,4,5),(3,7,0),(4,5,4),(6,2,2),(4,3,5),(3,5,1),(4,2,5),(3,4,2),(4,1,6),(6,1,3),(4,2,7)],[(3,7,0),(4,4,5),(6,2,3),(4,5,6),(3,8,1),(4,5,7),(6,3,3),(4,6,5),(3,9,-1),(4,7,4),(3,9,-2),(4,7,3),(6,3,2),(4,5,4)],[(3,7,-3),(4,6,1),(6,3,1),(4,5,3),(3,7,-1),(4,5,4),(6,3,2),(4,7,3),(3,9,-2),(4,8,3),(6,4,1),(4,7,2),(3,8,-3),(4,7,1)],[(3,1,0),(4,1,0),(6,1,0),(4,2,1),(3,3,-1),(4,3,1),(3,4,-1),(4,3,2),(6,1,1),(4,1,3),(3,2,1),(4,0,3),(6,0,1),(4,1,1)],[(3,4,-1),(4,4,1),(3,5,-2),(4,5,1),(6,3,0),(4,7,0),(3,7,-3),(4,6,1),(6,3,1),(4,5,3),(3,6,-1),(4,4,3),(6,2,1),(4,3,2)]]
---[16]---
level:23
tile_count:7
center_tile:[(6,2,3),(4,3,6),(3,6,1),(4,3,5),(6,2,2),(4,4,3),(3,6,-1),(4,5,3),(3,7,-1),(4,5,4),(6,3,2),(4,6,5),(3,8,0),(4,5,5)]
boundary:[[(3,3,1),(4,1,3),(6,1,1),(4,3,2),(3,4,-1),(4,4,1),(3,5,-2),(4,5,0),(6,3,0),(4,6,1),(3,7,-3),(4,7,1),(3,8,-3),(4,8,1),(6,4,1),(4,7,3),(3,9,-2),(4,7,4),(6,4,2),(4,8,5),(3,11,-2),(4,9,5),(6,4,3),(4,7,6),(3,10,0),(4,6,7),(3,9,1),(4,5,8),(6,2,4),(4,4,7),(3,7,2),(4,3,7),(3,6,2),(4,2,7),(6,1,3),(4,1,6),(3,4,2),(4,1,5),(6,1,2),(4,2,3)]]
constellation:[(3,5,0),(3,6,-1),(3,6,1),(3,7,-1),(3,8,0),(3,9,-1),(4,3,4),(4,3,5),(4,3,6),(4,4,3),(4,5,1),(4,5,3),(4,5,4),(4,5,5),(4,5,7),(4,6,5),(4,7,2),(6,2,1),(6,2,2),(6,2,3),(6,3,1),(6,3,2),(6,3,3)]
tiles:[[(6,2,3),(4,3,6),(3,6,1),(4,3,5),(6,2,2),(4,4,3),(3,6,-1),(4,5,3),(3,7,-1),(4,5,4),(6,3,2),(4,6,5),(3,8,0),(4,5,5)],[(3,6,2),(4,3,6),(6,2,3),(4,5,5),(3,8,0),(4,6,5),(6,3,3),(4,5,7),(3,9,1),(4,5,8),(6,2,4),(4,4,7),(3,7,2),(4,3,7)],[(3,4,2),(4,1,5),(6,1,2),(4,3,4),(3,5,0),(4,4,3),(6,2,2),(4,3,5),(3,6,1),(4,3,6),(3,6,2),(4,2,7),(6,1,3),(4,1,6)],[(3,5,0),(4,3,4),(6,1,2),(4,2,3),(3,3,1),(4,1,3),(6,1,1),(4,3,2),(3,4,-1),(4,4,1),(3,5,-2),(4,5,1),(6,2,1),(4,4,3)],[(3,8,-3),(4,7,2),(6,3,1),(4,5,3),(3,6,-1),(4,4,3),(6,2,1),(4,5,1),(3,5,-2),(4,5,0),(6,3,0),(4,6,1),(3,7,-3),(4,7,1)],[(3,10,0),(4,7,6),(6,4,3),(4,9,5),(3,11,-2),(4,8,5),(6,4,2),(4,7,4),(3,9,-1),(4,6,5),(6,3,3),(4,5,7),(3,9,1),(4,6,7)],[(3,9,-1),(4,7,4),(3,9,-2),(4,7,3),(6,4,1),(4,8,1),(3,8,-3),(4,7,2),(6,3,1),(4,5,3),(3,7,-1),(4,5,4),(6,3,2),(4,6,5)]]
---[17]---
level:24
tile_count:7
center_tile:[(3,5,0),(4,3,4),(3,5,1),(4,3,5),(6,1,3),(4,2,7),(3,6,2),(4,3,6),(6,2,3),(4,5,5),(3,7,0),(4,5,4),(6,2,2),(4,4,3)]
boundary:[[(3,3,1),(4,1,3),(6,1,1),(4,3,2),(3,4,-1),(4,4,1),(3,5,-2),(4,5,0),(6,3,0),(4,6,1),(3,7,-3),(4,7,1),(3,8,-3),(4,7,2),(3,8,-2),(4,7,3),(6,3,2),(4,6,5),(6,3,3),(4,5,7),(3,9,1),(4,5,8),(6,2,4),(4,4,7),(3,7,2),(4,3,8),(6,1,4),(4,1,9),(3,5,4),(4,0,9),(6,0,4),(4,1,7),(3,4,3),(4,0,7),(6,0,3),(4,1,5),(3,3,2),(4,1,4)]]
constellation:[(3,5,0),(3,5,1),(3,6,-1),(3,6,2),(3,7,0),(3,8,0),(4,1,6),(4,2,3),(4,2,7),(4,3,4),(4,3,5),(4,3,6),(4,3,7),(4,4,3),(4,5,1),(4,5,3),(4,5,4),(4,5,5),(6,1,2),(6,1,3),(6,2,1),(6,2,2),(6,2,3),(6,3,1)]
tiles:[[(6,1,3),(4,3,5),(3,5,1),(4,3,4),(6,1,2),(4,2,3),(3,3,1),(4,1,4),(3,3,2),(4,1,5),(6,0,3),(4,0,7),(3,4,3),(4,1,6)],[(3,6,2),(4,2,7),(6,1,3),(4,1,6),(3,4,3),(4,1,7),(6,0,4),(4,0,9),(3,5,4),(4,1,9),(6,1,4),(4,3,8),(3,7,2),(4,3,7)],[(3,5,0),(4,3,4),(3,5,1),(4,3,5),(6,1,3),(4,2,7),(3,6,2),(4,3,6),(6,2,3),(4,5,5),(3,7,0),(4,5,4),(6,2,2),(4,4,3)],[(3,6,2),(4,3,7),(3,7,2),(4,4,7),(6,2,4),(4,5,8),(3,9,1),(4,5,7),(6,3,3),(4,6,5),(3,8,0),(4,5,5),(6,2,3),(4,3,6)],[(3,4,-1),(4,3,2),(6,1,1),(4,1,3),(3,3,1),(4,2,3),(6,1,2),(4,3,4),(3,5,0),(4,4,3),(6,2,1),(4,5,1),(3,5,-2),(4,4,1)],[(3,8,-2),(4,7,2),(6,3,1),(4,5,3),(3,6,-1),(4,4,3),(6,2,2),(4,5,4),(3,7,0),(4,5,5),(3,8,0),(4,6,5),(6,3,2),(4,7,3)],[(3,7,-3),(4,6,1),(6,3,0),(4,5,0),(3,5,-2),(4,5,1),(6,2,1),(4,4,3),(3,6,-1),(4,5,3),(6,3,1),(4,7,2),(3,8,-3),(4,7,1)]]
---[18]---
level:24
tile_count:7
center_tile:[(3,5,1),(4,3,5),(3,6,1),(4,4,5),(6,2,3),(4,5,6),(3,8,0),(4,5,5),(6,3,2),(4,6,3),(3,7,-1),(4,5,3),(6,2,2),(4,3,4)]
boundary:[[(3,3,1),(4,1,3),(6,1,1),(4,3,2),(3,4,-1),(4,4,1),(3,5,-2),(4,5,1),(3,6,-2),(4,6,1),(6,3,1),(4,7,2),(6,4,1),(4,8,3),(3,10,-3),(4,9,3),(6,4,2),(4,7,4),(3,9,-1),(4,6,5),(6,3,3),(4,5,7),(3,9,1),(4,5,8),(3,9,2),(4,4,9),(6,2,4),(4,3,8),(6,1,4),(4,2,7),(3,5,3),(4,1,7),(3,4,3),(4,0,7),(6,0,3),(4,1,5),(3,3,2),(4,1,4)]]
constellation:[(3,5,0),(3,5,1),(3,6,1),(3,7,-1),(3,7,2),(3,8,-2),(3,8,0),(4,1,6),(4,2,3),(4,3,4),(4,3,5),(4,3,7),(4,4,3),(4,4,5),(4,5,3),(4,5,5),(4,5,6),(4,6,3),(6,1,2),(6,1,3),(6,2,1),(6,2,2),(6,2,3),(6,3,2)]
tiles:[[(6,4,1),(4,7,2),(3,8,-2),(4,6,3),(6,3,2),(4,5,5),(3,8,0),(4,6,5),(3,9,-1),(4,7,4),(6,4,2),(4,9,3),(3,10,-3),(4,8,3)],[(3,5,1),(4,3,5),(3,6,1),(4,4,5),(6,2,3),(4,5,6),(3,8,0),(4,5,5),(6,3,2),(4,6,3),(3,7,-1),(4,5,3),(6,2,2),(4,3,4)],[(3,7,2),(4,3,8),(6,2,4),(4,4,9),(3,9,2),(4,5,8),(3,9,1),(4,5,7),(6,3,3),(4,6,5),(3,8,0),(4,5,6),(6,2,3),(4,3,7)],[(3,6,1),(4,4,5),(6,2,3),(4,3,7),(3,7,2),(4,3,8),(6,1,4),(4,2,7),(3,5,3),(4,1,7),(3,4,3),(4,1,6),(6,1,3),(4,3,5)],[(3,5,1),(4,3,5),(6,1,3),(4,1,6),(3,4,3),(4,0,7),(6,0,3),(4,1,5),(3,3,2),(4,1,4),(3,3,1),(4,2,3),(6,1,2),(4,3,4)],[(3,6,-2),(4,5,1),(6,2,1),(4,4,3),(3,5,0),(4,3,4),(6,2,2),(4,5,3),(3,7,-1),(4,6,3),(3,8,-2),(4,7,2),(6,3,1),(4,6,1)],[(3,4,-1),(4,3,2),(6,1,1),(4,1,3),(3,3,1),(4,2,3),(6,1,2),(4,3,4),(3,5,0),(4,4,3),(6,2,1),(4,5,1),(3,5,-2),(4,4,1)]]
---[19]---
level:24
tile_count:8
center_tile:[(3,7,0),(4,5,5),(6,2,3),(4,4,7),(3,8,1),(4,5,6),(6,3,3),(4,7,5),(3,9,-1),(4,7,4),(6,3,2),(4,6,3),(3,7,-1),(4,5,4)]
boundary:[[(3,4,0),(4,3,2),(6,2,1),(4,4,3),(3,6,-1),(4,5,3),(6,3,1),(4,6,1),(3,7,-3),(4,7,0),(6,4,0),(4,8,1),(3,9,-4),(4,9,1),(3,10,-4),(4,9,2),(6,5,1),(4,10,3),(3,12,-4),(4,11,3),(6,5,2),(4,9,4),(3,11,-2),(4,8,5),(6,4,3),(4,7,7),(3,11,0),(4,7,8),(6,3,4),(4,6,7),(3,9,1),(4,5,7),(6,2,4),(4,4,9),(3,8,3),(4,3,10),(6,1,5),(4,2,9),(3,6,4),(4,1,9),(6,1,4),(4,3,8),(3,7,2),(4,3,7),(3,6,2),(4,3,6),(6,1,3),(4,2,5),(6,1,2),(4,3,3)]]
constellation:[(3,5,1),(3,7,-1),(3,7,0),(3,8,-2),(3,8,1),(3,9,-1),(3,10,-3),(3,10,-1),(4,3,5),(4,4,7),(4,5,4),(4,5,5),(4,5,6),(4,6,3),(4,7,2),(4,7,4),(4,7,5),(4,8,3),(6,2,2),(6,2,3),(6,3,2),(6,3,3),(6,4,1),(6,4,2)]
tiles:[[(6,4,0),(4,7,0),(3,7,-3),(4,6,1),(6,3,1),(4,5,3),(3,7,-1),(4,6,3),(3,8,-2),(4,7,2),(6,4,1),(4,9,1),(3,9,-4),(4,8,1)],[(3,4,0),(4,3,3),(6,1,2),(4,2,5),(3,5,1),(4,3,5),(6,2,2),(4,5,4),(3,7,-1),(4,5,3),(3,6,-1),(4,4,3),(6,2,1),(4,3,2)],[(3,7,0),(4,5,5),(6,2,3),(4,4,7),(3,8,1),(4,5,6),(6,3,3),(4,7,5),(3,9,-1),(4,7,4),(6,3,2),(4,6,3),(3,7,-1),(4,5,4)],[(3,7,2),(4,3,7),(3,6,2),(4,3,6),(6,1,3),(4,2,5),(3,5,1),(4,3,5),(6,2,2),(4,5,4),(3,7,0),(4,5,5),(6,2,3),(4,4,7)],[(3,6,4),(4,2,9),(6,1,5),(4,3,10),(3,8,3),(4,4,9),(6,2,4),(4,5,7),(3,8,1),(4,4,7),(3,7,2),(4,3,8),(6,1,4),(4,1,9)],[(3,11,0),(4,7,8),(6,3,4),(4,6,7),(3,9,1),(4,5,7),(3,8,1),(4,5,6),(6,3,3),(4,7,5),(3,10,-1),(4,8,5),(6,4,3),(4,7,7)],[(3,8,-2),(4,7,2),(6,4,1),(4,9,1),(3,10,-4),(4,9,2),(3,10,-3),(4,8,3),(6,4,2),(4,7,5),(3,9,-1),(4,7,4),(6,3,2),(4,6,3)],[(3,10,-3),(4,9,2),(6,5,1),(4,10,3),(3,12,-4),(4,11,3),(6,5,2),(4,9,4),(3,11,-2),(4,8,5),(3,10,-1),(4,7,5),(6,4,2),(4,8,3)]]
---[20]---
level:24
tile_count:8
center_tile:[(3,8,0),(4,6,5),(6,3,2),(4,7,3),(3,8,-2),(4,6,3),(3,7,-1),(4,5,4),(6,2,2),(4,3,5),(3,6,1),(4,4,5),(6,2,3),(4,5,6)]
boundary:[[(3,3,2),(4,1,4),(6,1,2),(4,2,5),(3,5,1),(4,3,4),(3,5,0),(4,4,3),(6,2,1),(4,5,1),(3,6,-2),(4,6,1),(3,7,-3),(4,7,1),(6,4,0),(4,9,0),(6,5,0),(4,10,1),(3,11,-5),(4,11,1),(6,5,1),(4,9,2),(3,10,-3),(4,8,3),(6,4,2),(4,9,4),(3,11,-2),(4,8,5),(6,4,3),(4,7,7),(3,11,0),(4,7,8),(6,3,4),(4,6,7),(3,9,1),(4,5,7),(6,2,4),(4,3,8),(3,7,3),(4,2,9),(6,1,4),(4,3,7),(3,6,2),(4,3,6),(6,1,3),(4,1,7),(3,4,3),(4,0,7),(6,0,3),(4,1,5)]]
constellation:[(3,6,1),(3,7,-1),(3,8,-2),(3,8,0),(3,8,1),(3,9,-4),(3,9,-2),(3,10,-1),(4,3,5),(4,4,5),(4,5,2),(4,5,4),(4,5,6),(4,6,3),(4,6,5),(4,7,3),(4,7,5),(4,8,1),(6,2,2),(6,2,3),(6,3,1),(6,3,2),(6,3,3),(6,4,1)]
tiles:[[(6,0,3),(4,0,7),(3,4,3),(4,1,7),(6,1,3),(4,3,6),(3,6,1),(4,3,5),(3,5,1),(4,2,5),(6,1,2),(4,1,4),(3,3,2),(4,1,5)],[(3,7,3),(4,3,8),(6,2,4),(4,5,7),(3,8,1),(4,5,6),(6,2,3),(4,4,5),(3,6,1),(4,3,6),(3,6,2),(4,3,7),(6,1,4),(4,2,9)],[(3,8,0),(4,6,5),(6,3,2),(4,7,3),(3,8,-2),(4,6,3),(3,7,-1),(4,5,4),(6,2,2),(4,3,5),(3,6,1),(4,4,5),(6,2,3),(4,5,6)],[(3,5,1),(4,3,4),(3,5,0),(4,4,3),(6,2,1),(4,5,1),(3,6,-2),(4,5,2),(6,3,1),(4,6,3),(3,7,-1),(4,5,4),(6,2,2),(4,3,5)],[(3,10,-1),(4,7,5),(6,3,3),(4,5,6),(3,8,0),(4,6,5),(6,3,2),(4,7,3),(3,9,-2),(4,8,3),(6,4,2),(4,9,4),(3,11,-2),(4,8,5)],[(3,11,0),(4,7,8),(6,3,4),(4,6,7),(3,9,1),(4,5,7),(3,8,1),(4,5,6),(6,3,3),(4,7,5),(3,10,-1),(4,8,5),(6,4,3),(4,7,7)],[(3,6,-2),(4,6,1),(3,7,-3),(4,7,1),(6,4,0),(4,9,0),(3,9,-4),(4,8,1),(6,4,1),(4,7,3),(3,8,-2),(4,6,3),(6,3,1),(4,5,2)],[(3,9,-4),(4,9,0),(6,5,0),(4,10,1),(3,11,-5),(4,11,1),(6,5,1),(4,9,2),(3,10,-3),(4,8,3),(3,9,-2),(4,7,3),(6,4,1),(4,8,1)]]
---[21]---
level:25
tile_count:8
center_tile:[(3,7,-1),(4,5,4),(6,2,2),(4,3,5),(3,6,1),(4,4,5),(6,2,3),(4,5,6),(3,8,0),(4,6,5),(6,3,2),(4,7,3),(3,8,-2),(4,6,3)]
boundary:[[(3,3,2),(4,1,4),(6,1,2),(4,3,3),(3,4,0),(4,3,2),(6,2,1),(4,4,3),(3,6,-1),(4,5,3),(6,3,1),(4,6,1),(3,7,-3),(4,7,0),(6,4,0),(4,8,1),(3,9,-4),(4,9,1),(3,10,-4),(4,10,1),(6,5,1),(4,9,3),(3,11,-3),(4,9,4),(3,11,-2),(4,8,5),(6,4,3),(4,7,7),(3,11,0),(4,7,8),(6,3,4),(4,6,7),(3,9,1),(4,5,7),(6,2,4),(4,3,8),(3,7,3),(4,2,9),(6,1,4),(4,3,7),(3,6,2),(4,3,6),(6,1,3),(4,1,7),(3,4,3),(4,0,7),(6,0,3),(4,1,5)]]
constellation:[(3,5,1),(3,6,1),(3,7,-1),(3,8,-2),(3,8,0),(3,8,1),(3,9,-2),(3,10,-1),(4,2,5),(4,3,5),(4,4,5),(4,5,4),(4,5,6),(4,6,3),(4,6,5),(4,7,2),(4,7,3),(4,7,5),(4,8,3),(6,2,2),(6,2,3),(6,3,2),(6,3,3),(6,4,1),(6,4,2)]
tiles:[[(6,5,1),(4,10,1),(3,10,-4),(4,9,1),(6,4,1),(4,7,2),(3,8,-2),(4,7,3),(3,9,-2),(4,8,3),(6,4,2),(4,9,4),(3,11,-3),(4,9,3)],[(3,7,-3),(4,6,1),(6,3,1),(4,5,3),(3,7,-1),(4,6,3),(3,8,-2),(4,7,2),(6,4,1),(4,9,1),(3,9,-4),(4,8,1),(6,4,0),(4,7,0)],[(3,7,-1),(4,5,4),(6,2,2),(4,3,5),(3,6,1),(4,4,5),(6,2,3),(4,5,6),(3,8,0),(4,6,5),(6,3,2),(4,7,3),(3,8,-2),(4,6,3)],[(3,5,1),(4,2,5),(6,1,2),(4,3,3),(3,4,0),(4,3,2),(6,2,1),(4,4,3),(3,6,-1),(4,5,3),(3,7,-1),(4,5,4),(6,2,2),(4,3,5)],[(3,6,1),(4,3,6),(6,1,3),(4,1,7),(3,4,3),(4,0,7),(6,0,3),(4,1,5),(3,3,2),(4,1,4),(6,1,2),(4,2,5),(3,5,1),(4,3,5)],[(3,8,1),(4,5,7),(6,2,4),(4,3,8),(3,7,3),(4,2,9),(6,1,4),(4,3,7),(3,6,2),(4,3,6),(3,6,1),(4,4,5),(6,2,3),(4,5,6)],[(3,11,-2),(4,8,5),(3,10,-1),(4,7,5),(6,3,3),(4,5,6),(3,8,0),(4,6,5),(6,3,2),(4,7,3),(3,9,-2),(4,8,3),(6,4,2),(4,9,4)],[(3,10,-1),(4,8,5),(6,4,3),(4,7,7),(3,11,0),(4,7,8),(6,3,4),(4,6,7),(3,9,1),(4,5,7),(3,8,1),(4,5,6),(6,3,3),(4,7,5)]]
---[22]---
level:25
tile_count:8
center_tile:[(3,7,0),(4,4,5),(6,2,3),(4,5,6),(3,8,1),(4,5,7),(6,3,3),(4,6,5),(3,9,-1),(4,7,4),(3,9,-2),(4,7,3),(6,3,2),(4,5,4)]
boundary:[[(3,4,0),(4,3,2),(6,2,1),(4,4,3),(3,6,-1),(4,5,3),(6,3,1),(4,6,1),(3,7,-3),(4,7,1),(3,8,-3),(4,7,2),(6,4,1),(4,8,3),(3,10,-3),(4,9,3),(6,5,1),(4,11,2),(3,12,-4),(4,10,3),(6,5,2),(4,9,5),(6,4,3),(4,7,6),(3,10,0),(4,6,7),(3,9,1),(4,5,8),(6,3,4),(4,6,9),(3,10,2),(4,5,9),(6,2,5),(4,3,10),(3,8,3),(4,3,9),(3,7,3),(4,2,9),(6,1,4),(4,1,8),(3,5,3),(4,2,7),(6,1,3),(4,1,6),(3,4,2),(4,2,5),(6,1,2),(4,3,3)]]
constellation:[(3,5,1),(3,6,2),(3,7,-1),(3,7,0),(3,8,1),(3,9,-2),(3,9,-1),(3,11,-2),(4,3,5),(4,3,7),(4,4,5),(4,4,7),(4,5,4),(4,5,6),(4,5,7),(4,6,5),(4,7,3),(4,7,4),(4,8,5),(6,2,2),(6,2,3),(6,2,4),(6,3,2),(6,3,3),(6,4,2)]
tiles:[[(6,4,2),(4,7,4),(3,9,-1),(4,6,5),(6,3,3),(4,5,7),(3,9,1),(4,6,7),(3,10,0),(4,7,6),(6,4,3),(4,9,5),(3,11,-2),(4,8,5)],[(3,7,0),(4,4,5),(6,2,3),(4,5,6),(3,8,1),(4,5,7),(6,3,3),(4,6,5),(3,9,-1),(4,7,4),(3,9,-2),(4,7,3),(6,3,2),(4,5,4)],[(3,8,3),(4,3,10),(6,2,5),(4,5,9),(3,10,2),(4,6,9),(6,3,4),(4,5,8),(3,9,1),(4,5,7),(3,8,1),(4,4,7),(6,2,4),(4,3,9)],[(3,11,-2),(4,9,5),(6,5,2),(4,10,3),(3,12,-4),(4,11,2),(6,5,1),(4,9,3),(3,10,-3),(4,8,3),(3,9,-2),(4,7,4),(6,4,2),(4,8,5)],[(3,8,-3),(4,7,2),(6,4,1),(4,8,3),(3,9,-2),(4,7,3),(6,3,2),(4,5,4),(3,7,-1),(4,5,3),(6,3,1),(4,6,1),(3,7,-3),(4,7,1)],[(3,7,3),(4,3,9),(6,2,4),(4,4,7),(3,8,1),(4,5,6),(6,2,3),(4,3,7),(3,6,2),(4,2,7),(3,5,3),(4,1,8),(6,1,4),(4,2,9)],[(3,7,-1),(4,5,3),(3,6,-1),(4,4,3),(6,2,1),(4,3,2),(3,4,0),(4,3,3),(6,1,2),(4,2,5),(3,5,1),(4,3,5),(6,2,2),(4,5,4)],[(3,7,0),(4,5,4),(6,2,2),(4,3,5),(3,5,1),(4,2,5),(3,4,2),(4,1,6),(6,1,3),(4,2,7),(3,6,2),(4,3,7),(6,2,3),(4,4,5)]]
---[23]---
level:25
tile_count:8
center_tile:[(3,7,0),(4,5,4),(6,3,2),(4,7,3),(3,9,-2),(4,7,4),(3,9,-1),(4,6,5),(6,3,3),(4,5,7),(3,8,1),(4,5,6),(6,2,3),(4,4,5)]
boundary:[[(3,4,0),(4,3,2),(6,2,1),(4,4,3),(3,6,-1),(4,5,3),(6,3,1),(4,6,1),(3,7,-3),(4,7,1),(3,8,-3),(4,7,2),(6,4,1),(4,9,1),(3,10,-4),(4,9,2),(6,5,1),(4,10,3),(3,11,-3),(4,9,4),(6,4,2),(4,7,5),(3,10,-1),(4,7,6),(6,4,3),(4,8,7),(3,11,0),(4,7,7),(6,3,4),(4,6,9),(3,10,2),(4,5,10),(6,2,5),(4,3,11),(3,8,4),(4,3,10),(3,8,3),(4,3,9),(3,7,3),(4,3,8),(6,1,4),(4,2,7),(6,1,3),(4,1,6),(3,4,2),(4,2,5),(6,1,2),(4,3,3)]]
constellation:[(3,5,1),(3,6,2),(3,7,-1),(3,7,0),(3,8,1),(3,9,-2),(3,9,-1),(3,9,1),(4,3,5),(4,3,7),(4,4,5),(4,4,9),(4,5,4),(4,5,6),(4,5,7),(4,5,8),(4,6,5),(4,7,3),(4,7,4),(4,8,3),(6,2,2),(6,2,3),(6,2,4),(6,3,2),(6,3,3)]
tiles:[[(6,3,4),(4,5,8),(3,9,1),(4,5,7),(6,3,3),(4,6,5),(3,9,-1),(4,7,5),(3,10,-1),(4,7,6),(6,4,3),(4,8,7),(3,11,0),(4,7,7)],[(3,7,0),(4,5,4),(6,3,2),(4,7,3),(3,9,-2),(4,7,4),(3,9,-1),(4,6,5),(6,3,3),(4,5,7),(3,8,1),(4,5,6),(6,2,3),(4,4,5)],[(3,9,-2),(4,8,3),(6,4,1),(4,9,1),(3,10,-4),(4,9,2),(6,5,1),(4,10,3),(3,11,-3),(4,9,4),(6,4,2),(4,7,5),(3,9,-1),(4,7,4)],[(3,7,-3),(4,6,1),(6,3,1),(4,5,3),(3,7,-1),(4,5,4),(6,3,2),(4,7,3),(3,9,-2),(4,8,3),(6,4,1),(4,7,2),(3,8,-3),(4,7,1)],[(3,7,-1),(4,5,3),(3,6,-1),(4,4,3),(6,2,1),(4,3,2),(3,4,0),(4,3,3),(6,1,2),(4,2,5),(3,5,1),(4,3,5),(6,2,2),(4,5,4)],[(3,6,2),(4,3,7),(6,2,3),(4,4,5),(3,7,0),(4,5,4),(6,2,2),(4,3,5),(3,5,1),(4,2,5),(3,4,2),(4,1,6),(6,1,3),(4,2,7)],[(3,8,3),(4,4,9),(6,2,4),(4,5,7),(3,8,1),(4,5,6),(6,2,3),(4,3,7),(3,6,2),(4,2,7),(6,1,4),(4,3,8),(3,7,3),(4,3,9)],[(3,10,2),(4,6,9),(6,3,4),(4,5,8),(3,9,1),(4,5,7),(6,2,4),(4,4,9),(3,8,3),(4,3,10),(3,8,4),(4,3,11),(6,2,5),(4,5,10)]]
---[24]---
level:25
tile_count:8
center_tile:[(3,8,0),(4,6,5),(6,3,2),(4,7,3),(3,8,-2),(4,6,3),(3,7,-1),(4,5,4),(6,2,2),(4,3,5),(3,6,1),(4,4,5),(6,2,3),(4,5,6)]
boundary:[[(3,3,2),(4,1,4),(6,1,2),(4,3,3),(3,4,0),(4,3,2),(6,2,1),(4,4,3),(3,6,-1),(4,5,3),(6,3,1),(4,6,1),(3,7,-3),(4,7,0),(6,4,0),(4,8,1),(3,9,-4),(4,9,1),(6,4,1),(4,8,3),(3,10,-3),(4,9,3),(3,11,-3),(4,9,4),(3,11,-2),(4,8,5),(6,4,3),(4,7,7),(3,11,0),(4,7,8),(6,3,4),(4,5,9),(3,9,2),(4,4,9),(6,2,4),(4,3,8),(3,7,3),(4,2,9),(6,1,4),(4,3,7),(3,6,2),(4,3,6),(6,1,3),(4,1,7),(3,4,3),(4,0,7),(6,0,3),(4,1,5)]]
constellation:[(3,5,1),(3,6,1),(3,7,-1),(3,8,-2),(3,8,0),(3,8,1),(3,9,-1),(3,10,0),(4,2,5),(4,3,5),(4,4,5),(4,5,4),(4,5,6),(4,5,7),(4,6,3),(4,6,5),(4,6,7),(4,7,2),(4,7,3),(4,7,5),(6,2,2),(6,2,3),(6,3,2),(6,3,3),(6,4,2)]
tiles:[[(6,1,2),(4,2,5),(3,5,1),(4,3,5),(6,2,2),(4,5,4),(3,7,-1),(4,5,3),(3,6,-1),(4,4,3),(6,2,1),(4,3,2),(3,4,0),(4,3,3)],[(3,8,0),(4,6,5),(6,3,2),(4,7,3),(3,8,-2),(4,6,3),(3,7,-1),(4,5,4),(6,2,2),(4,3,5),(3,6,1),(4,4,5),(6,2,3),(4,5,6)],[(3,8,-2),(4,7,2),(6,4,1),(4,9,1),(3,9,-4),(4,8,1),(6,4,0),(4,7,0),(3,7,-3),(4,6,1),(6,3,1),(4,5,3),(3,7,-1),(4,6,3)],[(3,6,1),(4,3,6),(6,1,3),(4,1,7),(3,4,3),(4,0,7),(6,0,3),(4,1,5),(3,3,2),(4,1,4),(6,1,2),(4,2,5),(3,5,1),(4,3,5)],[(3,8,1),(4,5,7),(6,2,4),(4,3,8),(3,7,3),(4,2,9),(6,1,4),(4,3,7),(3,6,2),(4,3,6),(3,6,1),(4,4,5),(6,2,3),(4,5,6)],[(3,11,-3),(4,9,4),(6,4,2),(4,7,5),(3,9,-1),(4,6,5),(6,3,2),(4,7,3),(3,8,-2),(4,7,2),(6,4,1),(4,8,3),(3,10,-3),(4,9,3)],[(3,11,0),(4,7,7),(3,10,0),(4,6,7),(6,3,3),(4,5,6),(3,8,1),(4,5,7),(6,2,4),(4,4,9),(3,9,2),(4,5,9),(6,3,4),(4,7,8)],[(3,11,-2),(4,9,4),(6,4,2),(4,7,5),(3,9,-1),(4,6,5),(3,8,0),(4,5,6),(6,3,3),(4,6,7),(3,10,0),(4,7,7),(6,4,3),(4,8,5)]]
---[25]---
level:25
tile_count:8
center_tile:[(3,8,0),(4,6,5),(6,3,2),(4,7,3),(3,8,-2),(4,6,3),(3,7,-1),(4,5,4),(6,2,2),(4,3,5),(3,6,1),(4,4,5),(6,2,3),(4,5,6)]
boundary:[[(3,3,2),(4,1,4),(6,1,2),(4,3,3),(3,4,0),(4,3,2),(6,2,1),(4,4,3),(3,6,-1),(4,5,3),(6,3,1),(4,6,1),(3,7,-3),(4,7,0),(6,4,0),(4,8,1),(3,9,-4),(4,9,1),(6,4,1),(4,8,3),(3,10,-3),(4,9,3),(3,11,-3),(4,9,4),(3,11,-2),(4,9,5),(6,4,3),(4,8,7),(3,11,0),(4,7,7),(6,3,4),(4,5,8),(3,9,2),(4,4,9),(6,2,4),(4,3,8),(3,7,3),(4,2,9),(6,1,4),(4,3,7),(3,6,2),(4,3,6),(6,1,3),(4,1,7),(3,4,3),(4,0,7),(6,0,3),(4,1,5)]]
constellation:[(3,5,1),(3,6,1),(3,7,-1),(3,8,-2),(3,8,0),(3,8,1),(3,9,-1),(3,10,0),(4,2,5),(4,3,5),(4,4,5),(4,5,4),(4,5,6),(4,5,7),(4,6,3),(4,6,5),(4,7,2),(4,7,3),(4,7,5),(4,7,6),(6,2,2),(6,2,3),(6,3,2),(6,3,3),(6,4,2)]
tiles:[[(6,1,2),(4,2,5),(3,5,1),(4,3,5),(6,2,2),(4,5,4),(3,7,-1),(4,5,3),(3,6,-1),(4,4,3),(6,2,1),(4,3,2),(3,4,0),(4,3,3)],[(3,8,0),(4,6,5),(6,3,2),(4,7,3),(3,8,-2),(4,6,3),(3,7,-1),(4,5,4),(6,2,2),(4,3,5),(3,6,1),(4,4,5),(6,2,3),(4,5,6)],[(3,8,-2),(4,7,2),(6,4,1),(4,9,1),(3,9,-4),(4,8,1),(6,4,0),(4,7,0),(3,7,-3),(4,6,1),(6,3,1),(4,5,3),(3,7,-1),(4,6,3)],[(3,6,1),(4,3,6),(6,1,3),(4,1,7),(3,4,3),(4,0,7),(6,0,3),(4,1,5),(3,3,2),(4,1,4),(6,1,2),(4,2,5),(3,5,1),(4,3,5)],[(3,8,1),(4,5,7),(6,2,4),(4,3,8),(3,7,3),(4,2,9),(6,1,4),(4,3,7),(3,6,2),(4,3,6),(3,6,1),(4,4,5),(6,2,3),(4,5,6)],[(3,11,-3),(4,9,4),(6,4,2),(4,7,5),(3,9,-1),(4,6,5),(6,3,2),(4,7,3),(3,8,-2),(4,7,2),(6,4,1),(4,8,3),(3,10,-3),(4,9,3)],[(3,10,0),(4,7,6),(6,3,3),(4,6,5),(3,8,0),(4,5,6),(3,8,1),(4,5,7),(6,2,4),(4,4,9),(3,9,2),(4,5,8),(6,3,4),(4,7,7)],[(3,11,-2),(4,9,4),(6,4,2),(4,7,5),(3,9,-1),(4,6,5),(6,3,3),(4,7,6),(3,10,0),(4,7,7),(3,11,0),(4,8,7),(6,4,3),(4,9,5)]]
---[26]---
level:25
tile_count:8
center_tile:[(3,8,0),(4,6,5),(6,3,2),(4,7,3),(3,8,-2),(4,6,3),(3,7,-1),(4,5,4),(6,2,2),(4,3,5),(3,6,1),(4,4,5),(6,2,3),(4,5,6)]
boundary:[[(3,3,2),(4,1,4),(6,1,2),(4,3,3),(3,4,0),(4,3,2),(6,2,1),(4,4,3),(3,6,-1),(4,5,3),(6,3,1),(4,6,1),(3,7,-3),(4,7,0),(6,4,0),(4,8,1),(3,9,-4),(4,9,1),(6,4,1),(4,8,3),(3,10,-3),(4,9,3),(3,11,-3),(4,9,4),(6,4,2),(4,7,5),(3,10,-1),(4,7,6),(6,4,3),(4,8,7),(3,11,0),(4,7,7),(6,3,4),(4,5,8),(3,9,2),(4,4,9),(6,2,4),(4,3,8),(3,7,3),(4,2,9),(6,1,4),(4,1,8),(3,5,3),(4,1,7),(3,4,3),(4,0,7),(6,0,3),(4,1,5)]]
constellation:[(3,5,1),(3,6,1),(3,7,-1),(3,7,2),(3,8,-2),(3,8,0),(3,9,-1),(3,9,1),(4,2,5),(4,3,5),(4,3,6),(4,3,7),(4,4,5),(4,5,4),(4,5,6),(4,5,7),(4,6,3),(4,6,5),(4,7,2),(4,7,3),(6,1,3),(6,2,2),(6,2,3),(6,3,2),(6,3,3)]
tiles:[[(6,1,2),(4,2,5),(3,5,1),(4,3,5),(6,2,2),(4,5,4),(3,7,-1),(4,5,3),(3,6,-1),(4,4,3),(6,2,1),(4,3,2),(3,4,0),(4,3,3)],[(3,8,0),(4,6,5),(6,3,2),(4,7,3),(3,8,-2),(4,6,3),(3,7,-1),(4,5,4),(6,2,2),(4,3,5),(3,6,1),(4,4,5),(6,2,3),(4,5,6)],[(3,8,-2),(4,7,2),(6,4,1),(4,9,1),(3,9,-4),(4,8,1),(6,4,0),(4,7,0),(3,7,-3),(4,6,1),(6,3,1),(4,5,3),(3,7,-1),(4,6,3)],[(3,6,1),(4,3,6),(6,1,3),(4,1,7),(3,4,3),(4,0,7),(6,0,3),(4,1,5),(3,3,2),(4,1,4),(6,1,2),(4,2,5),(3,5,1),(4,3,5)],[(3,11,-3),(4,9,4),(6,4,2),(4,7,5),(3,9,-1),(4,6,5),(6,3,2),(4,7,3),(3,8,-2),(4,7,2),(6,4,1),(4,8,3),(3,10,-3),(4,9,3)],[(3,5,3),(4,1,7),(6,1,3),(4,3,6),(3,6,1),(4,4,5),(6,2,3),(4,3,7),(3,7,2),(4,3,8),(3,7,3),(4,2,9),(6,1,4),(4,1,8)],[(3,9,1),(4,5,7),(6,3,3),(4,6,5),(3,8,0),(4,5,6),(6,2,3),(4,3,7),(3,7,2),(4,3,8),(6,2,4),(4,4,9),(3,9,2),(4,5,8)],[(3,11,0),(4,8,7),(6,4,3),(4,7,6),(3,10,-1),(4,7,5),(3,9,-1),(4,6,5),(6,3,3),(4,5,7),(3,9,1),(4,5,8),(6,3,4),(4,7,7)]]
---[27]---
level:25
tile_count:8
center_tile:[(3,8,1),(4,5,6),(6,2,3),(4,4,5),(3,7,0),(4,5,4),(6,3,2),(4,7,3),(3,9,-2),(4,7,4),(3,9,-1),(4,6,5),(6,3,3),(4,5,7)]
boundary:[[(3,4,0),(4,3,2),(6,2,1),(4,4,3),(3,6,-1),(4,5,3),(6,3,1),(4,6,1),(3,7,-3),(4,7,1),(3,8,-3),(4,7,2),(6,4,1),(4,8,3),(3,10,-3),(4,9,3),(6,5,1),(4,11,2),(3,12,-4),(4,10,3),(6,5,2),(4,9,5),(6,4,3),(4,7,6),(3,10,0),(4,6,7),(3,9,1),(4,5,8),(6,3,4),(4,6,9),(3,10,2),(4,5,10),(6,2,5),(4,3,11),(3,8,4),(4,3,10),(3,8,3),(4,3,9),(3,7,3),(4,3,8),(6,1,4),(4,2,7),(6,1,3),(4,1,6),(3,4,2),(4,2,5),(6,1,2),(4,3,3)]]
constellation:[(3,5,1),(3,6,2),(3,7,-1),(3,7,0),(3,8,1),(3,9,-2),(3,9,-1),(3,11,-2),(4,3,5),(4,3,7),(4,4,5),(4,4,9),(4,5,4),(4,5,6),(4,5,7),(4,6,5),(4,7,3),(4,7,4),(4,8,5),(6,2,2),(6,2,3),(6,2,4),(6,3,2),(6,3,3),(6,4,2)]
tiles:[[(6,5,2),(4,9,5),(3,11,-2),(4,8,5),(6,4,2),(4,7,4),(3,9,-2),(4,8,3),(3,10,-3),(4,9,3),(6,5,1),(4,11,2),(3,12,-4),(4,10,3)],[(3,8,1),(4,5,6),(6,2,3),(4,4,5),(3,7,0),(4,5,4),(6,3,2),(4,7,3),(3,9,-2),(4,7,4),(3,9,-1),(4,6,5),(6,3,3),(4,5,7)],[(3,7,-1),(4,5,3),(6,3,1),(4,6,1),(3,7,-3),(4,7,1),(3,8,-3),(4,7,2),(6,4,1),(4,8,3),(3,9,-2),(4,7,3),(6,3,2),(4,5,4)],[(3,9,1),(4,6,7),(3,10,0),(4,7,6),(6,4,3),(4,9,5),(3,11,-2),(4,8,5),(6,4,2),(4,7,4),(3,9,-1),(4,6,5),(6,3,3),(4,5,7)],[(3,8,4),(4,3,10),(3,8,3),(4,4,9),(6,2,4),(4,5,7),(3,9,1),(4,5,8),(6,3,4),(4,6,9),(3,10,2),(4,5,10),(6,2,5),(4,3,11)],[(3,8,3),(4,3,9),(3,7,3),(4,3,8),(6,1,4),(4,2,7),(3,6,2),(4,3,7),(6,2,3),(4,5,6),(3,8,1),(4,5,7),(6,2,4),(4,4,9)],[(3,5,1),(4,3,5),(6,2,2),(4,5,4),(3,7,-1),(4,5,3),(3,6,-1),(4,4,3),(6,2,1),(4,3,2),(3,4,0),(4,3,3),(6,1,2),(4,2,5)],[(3,6,2),(4,3,7),(6,2,3),(4,4,5),(3,7,0),(4,5,4),(6,2,2),(4,3,5),(3,5,1),(4,2,5),(3,4,2),(4,1,6),(6,1,3),(4,2,7)]]
---[28]---
level:25
tile_count:8
center_tile:[(3,8,1),(4,5,7),(6,3,3),(4,7,6),(3,10,-1),(4,7,5),(3,9,-1),(4,6,5),(6,3,2),(4,5,4),(3,7,0),(4,5,5),(6,2,3),(4,4,7)]
boundary:[[(3,4,0),(4,3,2),(6,2,1),(4,4,3),(3,6,-1),(4,5,3),(6,3,1),(4,7,2),(3,8,-3),(4,8,1),(6,4,1),(4,7,3),(3,9,-2),(4,7,4),(6,4,2),(4,9,3),(3,11,-3),(4,10,3),(6,5,2),(4,9,5),(3,12,-2),(4,9,6),(6,4,3),(4,7,7),(3,11,0),(4,7,8),(3,11,1),(4,6,9),(3,10,2),(4,5,10),(6,2,5),(4,3,11),(3,8,4),(4,3,10),(6,1,5),(4,2,9),(3,6,4),(4,1,9),(6,1,4),(4,3,8),(3,7,2),(4,3,7),(3,6,2),(4,3,6),(6,1,3),(4,2,5),(6,1,2),(4,3,3)]]
constellation:[(3,5,1),(3,7,-1),(3,7,0),(3,8,1),(3,8,3),(3,9,-1),(3,9,1),(3,10,-1),(4,3,5),(4,4,7),(4,4,9),(4,5,4),(4,5,5),(4,5,7),(4,5,8),(4,6,5),(4,7,5),(4,7,6),(4,8,5),(6,2,2),(6,2,3),(6,2,4),(6,3,2),(6,3,3),(6,3,4)]
tiles:[[(6,3,1),(4,5,3),(3,7,-1),(4,5,4),(6,3,2),(4,6,5),(3,9,-1),(4,7,4),(3,9,-2),(4,7,3),(6,4,1),(4,8,1),(3,8,-3),(4,7,2)],[(3,8,1),(4,5,7),(6,3,3),(4,7,6),(3,10,-1),(4,7,5),(3,9,-1),(4,6,5),(6,3,2),(4,5,4),(3,7,0),(4,5,5),(6,2,3),(4,4,7)],[(3,10,-1),(4,8,5),(6,4,3),(4,9,6),(3,12,-2),(4,9,5),(6,5,2),(4,10,3),(3,11,-3),(4,9,3),(6,4,2),(4,7,4),(3,9,-1),(4,7,5)],[(3,7,2),(4,3,7),(3,6,2),(4,3,6),(6,1,3),(4,2,5),(3,5,1),(4,3,5),(6,2,2),(4,5,4),(3,7,0),(4,5,5),(6,2,3),(4,4,7)],[(3,7,-1),(4,5,4),(6,2,2),(4,3,5),(3,5,1),(4,2,5),(6,1,2),(4,3,3),(3,4,0),(4,3,2),(6,2,1),(4,4,3),(3,6,-1),(4,5,3)],[(3,8,3),(4,3,10),(6,1,5),(4,2,9),(3,6,4),(4,1,9),(6,1,4),(4,3,8),(3,7,2),(4,4,7),(3,8,1),(4,5,7),(6,2,4),(4,4,9)],[(3,11,1),(4,6,9),(6,3,4),(4,5,8),(3,9,1),(4,5,7),(6,3,3),(4,7,6),(3,10,-1),(4,8,5),(6,4,3),(4,7,7),(3,11,0),(4,7,8)],[(3,10,2),(4,5,10),(6,2,5),(4,3,11),(3,8,4),(4,3,10),(3,8,3),(4,4,9),(6,2,4),(4,5,7),(3,9,1),(4,5,8),(6,3,4),(4,6,9)]]
---[29]---
level:25
tile_count:8
center_tile:[(3,8,1),(4,5,7),(6,3,3),(4,7,6),(3,10,-1),(4,7,5),(3,9,-1),(4,6,5),(6,3,2),(4,5,4),(3,7,0),(4,5,5),(6,2,3),(4,4,7)]
boundary:[[(3,4,0),(4,3,2),(6,2,1),(4,4,3),(3,6,-1),(4,5,3),(6,3,1),(4,7,2),(3,8,-3),(4,8,1),(6,4,1),(4,7,3),(3,9,-2),(4,7,4),(6,4,2),(4,9,3),(3,11,-3),(4,10,3),(6,5,2),(4,9,5),(3,12,-2),(4,9,6),(6,4,3),(4,7,7),(3,11,0),(4,7,8),(3,11,1),(4,6,9),(3,10,2),(4,5,9),(6,2,5),(4,3,10),(3,8,4),(4,2,11),(6,1,5),(4,1,10),(3,6,4),(4,1,9),(6,1,4),(4,3,8),(3,7,2),(4,3,7),(3,6,2),(4,3,6),(6,1,3),(4,2,5),(6,1,2),(4,3,3)]]
constellation:[(3,5,1),(3,7,-1),(3,7,0),(3,8,1),(3,8,3),(3,9,-1),(3,9,1),(3,10,-1),(4,3,5),(4,3,9),(4,4,7),(4,5,4),(4,5,5),(4,5,7),(4,5,8),(4,6,5),(4,7,5),(4,7,6),(4,8,5),(6,2,2),(6,2,3),(6,2,4),(6,3,2),(6,3,3),(6,3,4)]
tiles:[[(6,3,1),(4,5,3),(3,7,-1),(4,5,4),(6,3,2),(4,6,5),(3,9,-1),(4,7,4),(3,9,-2),(4,7,3),(6,4,1),(4,8,1),(3,8,-3),(4,7,2)],[(3,8,1),(4,5,7),(6,3,3),(4,7,6),(3,10,-1),(4,7,5),(3,9,-1),(4,6,5),(6,3,2),(4,5,4),(3,7,0),(4,5,5),(6,2,3),(4,4,7)],[(3,10,-1),(4,8,5),(6,4,3),(4,9,6),(3,12,-2),(4,9,5),(6,5,2),(4,10,3),(3,11,-3),(4,9,3),(6,4,2),(4,7,4),(3,9,-1),(4,7,5)],[(3,11,1),(4,6,9),(6,3,4),(4,5,8),(3,9,1),(4,5,7),(6,3,3),(4,7,6),(3,10,-1),(4,8,5),(6,4,3),(4,7,7),(3,11,0),(4,7,8)],[(3,5,1),(4,3,5),(6,2,2),(4,5,4),(3,7,0),(4,5,5),(6,2,3),(4,4,7),(3,7,2),(4,3,7),(3,6,2),(4,3,6),(6,1,3),(4,2,5)],[(3,4,0),(4,3,2),(6,2,1),(4,4,3),(3,6,-1),(4,5,3),(3,7,-1),(4,5,4),(6,2,2),(4,3,5),(3,5,1),(4,2,5),(6,1,2),(4,3,3)],[(3,8,1),(4,5,7),(3,9,1),(4,5,8),(6,3,4),(4,6,9),(3,10,2),(4,5,9),(6,2,5),(4,3,10),(3,8,3),(4,3,9),(6,2,4),(4,4,7)],[(3,6,4),(4,1,9),(6,1,4),(4,3,8),(3,7,2),(4,4,7),(6,2,4),(4,3,9),(3,8,3),(4,3,10),(3,8,4),(4,2,11),(6,1,5),(4,1,10)]]
---[30]---
level:25
tile_count:8
center_tile:[(3,9,-1),(4,7,4),(6,3,2),(4,6,3),(3,7,-1),(4,5,4),(3,7,0),(4,5,5),(6,2,3),(4,4,7),(3,8,1),(4,5,6),(6,3,3),(4,7,5)]
boundary:[[(3,4,0),(4,3,2),(6,2,1),(4,4,3),(3,6,-1),(4,5,3),(6,3,1),(4,7,2),(3,8,-3),(4,8,1),(3,9,-4),(4,9,1),(3,10,-4),(4,10,1),(6,5,1),(4,11,2),(3,12,-4),(4,10,3),(6,5,2),(4,9,5),(3,12,-2),(4,9,6),(6,4,3),(4,7,7),(3,11,0),(4,7,8),(6,3,4),(4,6,7),(3,9,1),(4,5,7),(6,2,4),(4,4,9),(3,8,3),(4,3,10),(6,1,5),(4,2,9),(3,6,4),(4,1,9),(6,1,4),(4,3,8),(3,7,2),(4,3,7),(3,6,2),(4,3,6),(6,1,3),(4,2,5),(6,1,2),(4,3,3)]]
constellation:[(3,5,1),(3,7,-1),(3,7,0),(3,8,1),(3,9,-2),(3,9,-1),(3,10,-1),(3,11,-3),(4,3,5),(4,4,7),(4,5,4),(4,5,5),(4,5,6),(4,6,3),(4,7,4),(4,7,5),(4,8,3),(4,8,5),(4,9,3),(6,2,2),(6,2,3),(6,3,2),(6,3,3),(6,4,1),(6,4,2)]
tiles:[[(6,1,5),(4,3,10),(3,8,3),(4,4,9),(6,2,4),(4,5,7),(3,8,1),(4,4,7),(3,7,2),(4,3,8),(6,1,4),(4,1,9),(3,6,4),(4,2,9)],[(3,11,0),(4,7,7),(6,4,3),(4,8,5),(3,10,-1),(4,7,5),(6,3,3),(4,5,6),(3,8,1),(4,5,7),(3,9,1),(4,6,7),(6,3,4),(4,7,8)],[(3,9,-1),(4,7,4),(6,3,2),(4,6,3),(3,7,-1),(4,5,4),(3,7,0),(4,5,5),(6,2,3),(4,4,7),(3,8,1),(4,5,6),(6,3,3),(4,7,5)],[(3,7,2),(4,3,7),(3,6,2),(4,3,6),(6,1,3),(4,2,5),(3,5,1),(4,3,5),(6,2,2),(4,5,4),(3,7,0),(4,5,5),(6,2,3),(4,4,7)],[(3,7,-1),(4,5,4),(6,2,2),(4,3,5),(3,5,1),(4,2,5),(6,1,2),(4,3,3),(3,4,0),(4,3,2),(6,2,1),(4,4,3),(3,6,-1),(4,5,3)],[(3,9,-2),(4,7,4),(6,3,2),(4,6,3),(3,7,-1),(4,5,3),(6,3,1),(4,7,2),(3,8,-3),(4,8,1),(3,9,-4),(4,9,1),(6,4,1),(4,8,3)],[(3,12,-4),(4,10,3),(3,11,-3),(4,9,3),(6,4,2),(4,7,4),(3,9,-2),(4,8,3),(6,4,1),(4,9,1),(3,10,-4),(4,10,1),(6,5,1),(4,11,2)],[(3,12,-2),(4,9,6),(6,4,3),(4,8,5),(3,10,-1),(4,7,5),(3,9,-1),(4,7,4),(6,4,2),(4,9,3),(3,11,-3),(4,10,3),(6,5,2),(4,9,5)]]
---[31]---
level:25
tile_count:8
center_tile:[(3,9,-1),(4,7,4),(6,3,2),(4,6,3),(3,7,-1),(4,5,4),(3,7,0),(4,5,5),(6,2,3),(4,4,7),(3,8,1),(4,5,6),(6,3,3),(4,7,5)]
boundary:[[(3,4,0),(4,3,2),(6,2,1),(4,4,3),(3,6,-1),(4,5,3),(6,3,1),(4,7,2),(3,8,-3),(4,8,1),(3,9,-4),(4,9,1),(3,10,-4),(4,9,2),(6,5,1),(4,10,3),(3,12,-4),(4,11,3),(6,5,2),(4,10,5),(3,12,-2),(4,9,6),(6,4,3),(4,7,7),(3,11,0),(4,7,8),(6,3,4),(4,6,7),(3,9,1),(4,5,7),(6,2,4),(4,4,9),(3,8,3),(4,3,10),(6,1,5),(4,2,9),(3,6,4),(4,1,9),(6,1,4),(4,3,8),(3,7,2),(4,3,7),(3,6,2),(4,3,6),(6,1,3),(4,2,5),(6,1,2),(4,3,3)]]
constellation:[(3,5,1),(3,7,-1),(3,7,0),(3,8,1),(3,9,-2),(3,9,-1),(3,10,-1),(3,11,-3),(4,3,5),(4,4,7),(4,5,4),(4,5,5),(4,5,6),(4,6,3),(4,7,4),(4,7,5),(4,8,3),(4,8,5),(4,9,4),(6,2,2),(6,2,3),(6,3,2),(6,3,3),(6,4,1),(6,4,2)]
tiles:[[(6,1,5),(4,3,10),(3,8,3),(4,4,9),(6,2,4),(4,5,7),(3,8,1),(4,4,7),(3,7,2),(4,3,8),(6,1,4),(4,1,9),(3,6,4),(4,2,9)],[(3,11,0),(4,7,7),(6,4,3),(4,8,5),(3,10,-1),(4,7,5),(6,3,3),(4,5,6),(3,8,1),(4,5,7),(3,9,1),(4,6,7),(6,3,4),(4,7,8)],[(3,9,-1),(4,7,4),(6,3,2),(4,6,3),(3,7,-1),(4,5,4),(3,7,0),(4,5,5),(6,2,3),(4,4,7),(3,8,1),(4,5,6),(6,3,3),(4,7,5)],[(3,7,2),(4,3,7),(3,6,2),(4,3,6),(6,1,3),(4,2,5),(3,5,1),(4,3,5),(6,2,2),(4,5,4),(3,7,0),(4,5,5),(6,2,3),(4,4,7)],[(3,7,-1),(4,5,4),(6,2,2),(4,3,5),(3,5,1),(4,2,5),(6,1,2),(4,3,3),(3,4,0),(4,3,2),(6,2,1),(4,4,3),(3,6,-1),(4,5,3)],[(3,9,-2),(4,7,4),(6,3,2),(4,6,3),(3,7,-1),(4,5,3),(6,3,1),(4,7,2),(3,8,-3),(4,8,1),(3,9,-4),(4,9,1),(6,4,1),(4,8,3)],[(3,11,-3),(4,9,4),(6,4,2),(4,7,5),(3,9,-1),(4,7,4),(3,9,-2),(4,8,3),(6,4,1),(4,9,1),(3,10,-4),(4,9,2),(6,5,1),(4,10,3)],[(3,12,-2),(4,9,6),(6,4,3),(4,8,5),(3,10,-1),(4,7,5),(6,4,2),(4,9,4),(3,11,-3),(4,10,3),(3,12,-4),(4,11,3),(6,5,2),(4,10,5)]]
---[32]---
level:25
tile_count:8
center_tile:[(3,9,-1),(4,7,5),(6,3,3),(4,5,6),(3,8,1),(4,4,7),(6,2,3),(4,5,5),(3,7,0),(4,5,4),(3,7,-1),(4,6,3),(6,3,2),(4,7,4)]
boundary:[[(3,4,0),(4,3,2),(6,2,1),(4,4,3),(3,6,-1),(4,5,2),(6,3,1),(4,7,1),(3,8,-3),(4,8,1),(6,4,1),(4,7,3),(3,9,-2),(4,8,3),(3,10,-3),(4,9,3),(6,5,1),(4,11,2),(3,12,-4),(4,10,3),(6,5,2),(4,9,5),(3,12,-2),(4,9,6),(6,4,3),(4,7,7),(3,11,0),(4,7,8),(6,3,4),(4,5,9),(3,9,2),(4,4,9),(3,8,3),(4,3,10),(6,1,5),(4,2,9),(3,6,4),(4,1,9),(6,1,4),(4,3,8),(3,7,2),(4,3,7),(3,6,2),(4,3,6),(6,1,3),(4,2,5),(6,1,2),(4,3,3)]]
constellation:[(3,5,1),(3,7,-1),(3,7,0),(3,8,1),(3,9,-1),(3,10,0),(3,11,-2),(4,3,5),(4,4,7),(4,5,3),(4,5,4),(4,5,5),(4,5,6),(4,5,7),(4,6,3),(4,6,7),(4,7,4),(4,7,5),(4,8,5),(6,2,2),(6,2,3),(6,2,4),(6,3,2),(6,3,3),(6,4,2)]
tiles:[[(6,2,2),(4,5,4),(3,7,0),(4,5,5),(6,2,3),(4,4,7),(3,7,2),(4,3,7),(3,6,2),(4,3,6),(6,1,3),(4,2,5),(3,5,1),(4,3,5)],[(3,9,-1),(4,7,5),(6,3,3),(4,5,6),(3,8,1),(4,4,7),(6,2,3),(4,5,5),(3,7,0),(4,5,4),(3,7,-1),(4,6,3),(6,3,2),(4,7,4)],[(3,8,3),(4,3,10),(6,1,5),(4,2,9),(3,6,4),(4,1,9),(6,1,4),(4,3,8),(3,7,2),(4,4,7),(3,8,1),(4,5,7),(6,2,4),(4,4,9)],[(3,5,1),(4,2,5),(6,1,2),(4,3,3),(3,4,0),(4,3,2),(6,2,1),(4,4,3),(3,6,-1),(4,5,3),(3,7,-1),(4,5,4),(6,2,2),(4,3,5)],[(3,8,1),(4,5,7),(6,2,4),(4,4,9),(3,9,2),(4,5,9),(6,3,4),(4,7,8),(3,11,0),(4,7,7),(3,10,0),(4,6,7),(6,3,3),(4,5,6)],[(3,9,-2),(4,7,4),(6,3,2),(4,6,3),(3,7,-1),(4,5,3),(3,6,-1),(4,5,2),(6,3,1),(4,7,1),(3,8,-3),(4,8,1),(6,4,1),(4,7,3)],[(3,12,-4),(4,10,3),(6,5,2),(4,9,5),(3,11,-2),(4,8,5),(6,4,2),(4,7,4),(3,9,-2),(4,8,3),(3,10,-3),(4,9,3),(6,5,1),(4,11,2)],[(3,12,-2),(4,9,6),(6,4,3),(4,7,7),(3,10,0),(4,6,7),(6,3,3),(4,7,5),(3,9,-1),(4,7,4),(6,4,2),(4,8,5),(3,11,-2),(4,9,5)]]
---[33]---
level:25
tile_count:8
center_tile:[(6,3,3),(4,7,5),(3,9,-1),(4,7,4),(6,3,2),(4,6,3),(3,7,-1),(4,5,4),(3,7,0),(4,5,5),(6,2,3),(4,4,7),(3,8,1),(4,5,6)]
boundary:[[(3,4,0),(4,3,2),(6,2,1),(4,4,3),(3,6,-1),(4,5,2),(6,3,1),(4,7,1),(3,8,-3),(4,8,1),(6,4,1),(4,7,3),(3,9,-2),(4,8,3),(3,10,-3),(4,9,3),(6,5,1),(4,11,2),(3,12,-4),(4,10,3),(6,5,2),(4,9,5),(3,12,-2),(4,9,6),(6,4,3),(4,7,7),(6,3,4),(4,5,8),(3,9,2),(4,4,9),(3,8,3),(4,3,10),(3,8,4),(4,2,11),(6,1,5),(4,1,10),(3,6,4),(4,1,9),(6,1,4),(4,3,8),(3,7,2),(4,3,7),(3,6,2),(4,3,6),(6,1,3),(4,2,5),(6,1,2),(4,3,3)]]
constellation:[(3,5,1),(3,7,-1),(3,7,0),(3,8,1),(3,9,-1),(3,10,0),(3,11,-2),(4,3,5),(4,3,9),(4,4,7),(4,5,3),(4,5,4),(4,5,5),(4,5,6),(4,6,3),(4,6,7),(4,7,4),(4,7,5),(4,8,5),(6,2,2),(6,2,3),(6,2,4),(6,3,2),(6,3,3),(6,4,2)]
tiles:[[(6,3,3),(4,7,5),(3,9,-1),(4,7,4),(6,3,2),(4,6,3),(3,7,-1),(4,5,4),(3,7,0),(4,5,5),(6,2,3),(4,4,7),(3,8,1),(4,5,6)],[(3,8,-3),(4,7,1),(6,3,1),(4,5,2),(3,6,-1),(4,5,3),(3,7,-1),(4,6,3),(6,3,2),(4,7,4),(3,9,-2),(4,7,3),(6,4,1),(4,8,1)],[(3,6,-1),(4,4,3),(6,2,1),(4,3,2),(3,4,0),(4,3,3),(6,1,2),(4,2,5),(3,5,1),(4,3,5),(6,2,2),(4,5,4),(3,7,-1),(4,5,3)],[(3,9,-2),(4,8,3),(3,10,-3),(4,9,3),(6,5,1),(4,11,2),(3,12,-4),(4,10,3),(6,5,2),(4,9,5),(3,11,-2),(4,8,5),(6,4,2),(4,7,4)],[(3,9,-1),(4,7,4),(6,4,2),(4,8,5),(3,11,-2),(4,9,5),(3,12,-2),(4,9,6),(6,4,3),(4,7,7),(3,10,0),(4,6,7),(6,3,3),(4,7,5)],[(3,8,1),(4,5,6),(6,3,3),(4,6,7),(3,10,0),(4,7,7),(6,3,4),(4,5,8),(3,9,2),(4,4,9),(3,8,3),(4,3,9),(6,2,4),(4,4,7)],[(3,6,4),(4,1,9),(6,1,4),(4,3,8),(3,7,2),(4,4,7),(6,2,4),(4,3,9),(3,8,3),(4,3,10),(3,8,4),(4,2,11),(6,1,5),(4,1,10)],[(3,5,1),(4,3,5),(6,2,2),(4,5,4),(3,7,0),(4,5,5),(6,2,3),(4,4,7),(3,7,2),(4,3,7),(3,6,2),(4,3,6),(6,1,3),(4,2,5)]]
