x,y,dir,ref,pt
-4.5,-0.8660254037844386,8,False,3
-4.5,-0.8660254037844386,2,True,11
-3.0,0.0,0,False,7
-4.5,-0.8660254037844386,10,False,7
-6.0,0.0,8,False,7
-9.0,3.4641016151377544,6,False,7
-7.5,4.330127018922193,4,False,7
-1.7763568394002505e-15,-6.928203230275509,0,False,3
-1.7763568394002505e-15,-6.928203230275509,10,True,11
-1.5000000000000016,-6.06217782649107,4,False,7
-1.7763568394002505e-15,-6.928203230275509,2,False,7
-2.220446049250313e-15,-8.660254037844386,0,False,7
-1.5000000000000027,-12.99038105676658,10,False,7
-3.0000000000000027,-12.124355652982139,8,False,7
-2.6645352591003757e-15,-12.124355652982139,0,False,7
-9.0,-6.928203230275509,10,False,3
-9.0,-6.928203230275509,0,True,11
-9.0,-5.196152422706632,2,False,7
-9.0,-6.928203230275509,0,False,7
-10.5,-7.794228634059948,10,False,7
-15.0,-8.660254037844386,8,False,7
-15.0,-6.928203230275509,6,False,7
-13.5,-9.526279441628825,10,False,7
-13.5,0.8660254037844386,8,False,3
-13.5,0.8660254037844386,2,True,11
-12.0,1.7320508075688772,0,False,7
-13.5,0.8660254037844386,10,False,7
-15.0,1.7320508075688772,8,False,7
-18.0,5.196152422706632,6,False,7
-16.5,6.0621778264910695,4,False,7
-18.0,3.4641016151377544,8,False,7
-21.0,12.124355652982139,6,False,3
-21.0,12.124355652982139,4,True,11
-19.5,11.258330249197702,10,False,7
-21.0,12.124355652982139,8,False,7
-21.0,13.856406460551018,6,False,7
-19.5,18.186533479473212,4,False,7
-18.0,17.32050807568877,2,False,7
-21.0,17.32050807568877,6,False,7
-11.999999999999998,12.124355652982139,4,False,3
-11.999999999999998,12.124355652982139,6,True,11
-11.999999999999998,10.39230484541326,8,False,7
-11.999999999999998,12.124355652982139,6,False,7
-10.499999999999996,12.990381056766577,4,False,7
-5.999999999999998,13.856406460551014,2,False,7
-5.999999999999998,12.124355652982135,0,False,7
-7.499999999999997,14.722431864335451,4,False,7
2.9999999999999956,-19.05255888325765,0,False,3
2.9999999999999956,-19.05255888325765,10,True,11
1.4999999999999958,-18.186533479473212,4,False,7
2.9999999999999956,-19.05255888325765,2,False,7
2.999999999999995,-20.784609690826528,0,False,7
1.4999999999999947,-25.11473670974872,10,False,7
-5.329070518200751e-15,-24.24871130596428,8,False,7
5.999999999999997,-12.124355652982144,4,False,3
5.999999999999997,-12.124355652982144,6,True,11
5.9999999999999964,-13.856406460551021,8,False,7
5.999999999999997,-12.124355652982144,6,False,7
7.499999999999997,-11.258330249197707,4,False,7
12.0,-10.39230484541327,2,False,7
11.999999999999995,-12.124355652982148,0,False,7
10.499999999999996,-9.526279441628832,4,False,7
10.499999999999995,-19.91858428704209,2,False,3
10.499999999999995,-19.91858428704209,8,True,11
8.999999999999995,-20.784609690826528,6,False,7
10.499999999999995,-19.91858428704209,4,False,7
11.999999999999995,-20.784609690826528,2,False,7
14.999999999999993,-24.248711305964285,0,False,7
13.499999999999993,-25.114736709748723,10,False,7
14.999999999999993,-22.516660498395407,2,False,7
5.999999999999994,-27.712812921102035,0,False,3
5.999999999999994,-27.712812921102035,10,True,11
4.499999999999994,-26.846787517317598,4,False,7
5.999999999999994,-27.712812921102035,2,False,7
5.999999999999993,-29.444863728670914,0,False,7
4.499999999999993,-33.77499074759311,10,False,7
2.999999999999994,-32.90896534380867,8,False,7
5.999999999999993,-32.90896534380867,0,False,7
-7.105427357601002e-15,-39.837168574084174,10,False,3
-7.105427357601002e-15,-39.837168574084174,0,True,11
-7.105427357601002e-15,-38.1051177665153,2,False,7
-7.105427357601002e-15,-39.837168574084174,0,False,7
-1.5000000000000089,-40.703193977868615,10,False,7
-6.000000000000009,-41.569219381653056,8,False,7
-6.000000000000007,-39.837168574084174,6,False,7
-4.500000000000009,-42.43524478543749,10,False,7
-4.500000000000005,-32.042939940024226,8,False,3
-4.500000000000005,-32.042939940024226,2,True,11
-3.0000000000000053,-31.176914536239785,0,False,7
-4.500000000000005,-32.042939940024226,10,False,7
-6.000000000000006,-31.176914536239785,8,False,7
-9.000000000000002,-27.71281292110203,6,False,7
-7.500000000000002,-26.846787517317594,4,False,7
-9.000000000000004,-29.444863728670907,8,False,7
8.999999999999991,-39.837168574084174,0,False,3
8.999999999999991,-39.837168574084174,10,True,11
7.499999999999991,-38.97114317029974,4,False,7
8.999999999999991,-39.837168574084174,2,False,7
8.999999999999991,-41.569219381653056,0,False,7
7.499999999999989,-45.89934640057525,10,False,7
5.999999999999989,-45.033320996790806,8,False,7
8.99999999999999,-45.033320996790806,0,False,7
-18.0,-15.588457268119894,10,False,3
-18.0,-15.588457268119894,0,True,11
-18.0,-13.856406460551018,2,False,7
-18.0,-15.588457268119894,0,False,7
-19.5,-16.454482671904334,10,False,7
-24.0,-17.32050807568877,8,False,7
-24.0,-15.588457268119894,6,False,7
-10.500000000000002,-14.722431864335459,2,False,3
-10.500000000000002,-14.722431864335459,8,True,11
-12.0,-15.588457268119896,6,False,7
-10.500000000000002,-14.722431864335459,4,False,7
-9.000000000000002,-15.588457268119896,2,False,7
-6.000000000000002,-19.052558883257653,0,False,7
-7.5000000000000036,-19.91858428704209,10,False,7
-6.0000000000000036,-17.320508075688775,2,False,7
-15.000000000000002,-22.516660498395403,0,False,3
-15.000000000000002,-22.516660498395403,10,True,11
-16.5,-21.650635094610966,4,False,7
-15.000000000000002,-22.516660498395403,2,False,7
-15.0,-24.24871130596428,0,False,7
-16.500000000000004,-28.578838324886473,10,False,7
-18.000000000000004,-27.712812921102035,8,False,7
-15.000000000000002,-27.712812921102035,0,False,7
-24.0,-22.516660498395403,10,False,3
-24.0,-22.516660498395403,0,True,11
-24.0,-20.784609690826528,2,False,7
-24.0,-22.516660498395403,0,False,7
-25.5,-23.38268590217984,10,False,7
-30.0,-24.248711305964278,8,False,7
-30.0,-22.516660498395403,6,False,7
-28.5,-25.11473670974872,10,False,7
-37.5,-23.382685902179844,8,False,3
-37.5,-23.382685902179844,2,True,11
-36.0,-22.516660498395403,0,False,7
-37.5,-23.382685902179844,10,False,7
-39.0,-22.516660498395403,8,False,7
-42.0,-19.052558883257646,6,False,7
-40.5,-18.18653347947321,4,False,7
-42.0,-20.784609690826528,8,False,7
-33.0,-15.588457268119893,6,False,3
-33.0,-15.588457268119893,4,True,11
-31.499999999999996,-16.454482671904334,10,False,7
-33.0,-15.588457268119893,8,False,7
-33.0,-13.856406460551014,6,False,7
-31.499999999999993,-9.526279441628823,4,False,7
-29.999999999999993,-10.392304845413262,2,False,7
-32.99999999999999,-10.39230484541326,6,False,7
-33.0,-31.17691453623979,10,False,3
-33.0,-31.17691453623979,0,True,11
-33.0,-29.444863728670914,2,False,7
-33.0,-31.17691453623979,0,False,7
-34.5,-32.042939940024226,10,False,7
-39.0,-32.90896534380866,8,False,7
-39.0,-31.17691453623979,6,False,7
-37.5,-33.77499074759311,10,False,7
-25.5,4.330127018922194,8,False,3
-25.5,4.330127018922194,2,True,11
-24.0,5.196152422706632,0,False,7
-25.5,4.330127018922194,10,False,7
-27.0,5.196152422706632,8,False,7
-30.0,8.660254037844386,6,False,7
-28.5,9.526279441628825,4,False,7
-21.0,-1.7320508075688767,0,False,3
-21.0,-1.7320508075688767,10,True,11
-22.5,-0.8660254037844384,4,False,7
-21.0,-1.7320508075688767,2,False,7
-21.000000000000004,-3.4641016151377535,0,False,7
-22.500000000000004,-7.794228634059948,10,False,7
-24.000000000000004,-6.928203230275507,8,False,7
-21.000000000000004,-6.928203230275507,0,False,7
-30.0,-1.7320508075688767,10,False,3
-30.0,-1.7320508075688767,0,True,11
-30.0,0.0,2,False,7
-30.0,-1.7320508075688767,0,False,7
-31.5,-2.598076211353316,10,False,7
-36.0,-3.4641016151377535,8,False,7
-36.0,-1.7320508075688767,6,False,7
-34.5,-4.330127018922193,10,False,7
-34.5,6.06217782649107,8,False,3
-34.5,6.06217782649107,2,True,11
-33.0,6.928203230275509,0,False,7
-34.5,6.06217782649107,10,False,7
-36.0,6.928203230275509,8,False,7
-39.0,10.392304845413264,6,False,7
-37.5,11.258330249197702,4,False,7
-39.0,8.660254037844386,8,False,7
-42.0,17.32050807568877,6,False,3
-42.0,17.32050807568877,4,True,11
-40.5,16.454482671904334,10,False,7
-42.0,17.32050807568877,8,False,7
-42.0,19.05255888325765,6,False,7
-40.5,23.382685902179844,4,False,7
-39.0,22.516660498395403,2,False,7
-42.0,22.516660498395403,6,False,7
-33.0,17.32050807568877,4,False,3
-33.0,17.32050807568877,6,True,11
-33.0,15.588457268119893,8,False,7
-33.0,17.32050807568877,6,False,7
-31.499999999999996,18.18653347947321,4,False,7
-27.0,19.052558883257646,2,False,7
-27.0,17.320508075688767,0,False,7
-28.499999999999996,19.918584287042084,4,False,7
-46.5,9.526279441628827,8,False,3
-46.5,9.526279441628827,2,True,11
-45.0,10.392304845413264,0,False,7
-46.5,9.526279441628827,10,False,7
-48.0,10.392304845413264,8,False,7
-51.0,13.856406460551018,6,False,7
-49.5,14.722431864335457,4,False,7
-51.0,12.12435565298214,8,False,7
-45.0,29.444863728670914,6,False,3
-45.0,29.444863728670914,4,True,11
-43.5,28.578838324886476,10,False,7
-45.0,29.444863728670914,8,False,7
-45.0,31.176914536239792,6,False,7
-43.5,35.50704155516198,4,False,7
-42.0,34.64101615137754,2,False,7
-48.0,22.516660498395407,10,False,3
-48.0,22.516660498395407,0,True,11
-48.0,24.248711305964285,2,False,7
-48.0,22.516660498395407,0,False,7
-49.5,21.65063509461097,10,False,7
-54.0,20.784609690826528,8,False,7
-54.0,22.516660498395407,6,False,7
-52.5,19.91858428704209,10,False,7
-52.5,30.31088913245535,8,False,3
-52.5,30.31088913245535,2,True,11
-51.0,31.176914536239792,0,False,7
-52.5,30.31088913245535,10,False,7
-54.0,31.176914536239792,8,False,7
-57.0,34.64101615137754,6,False,7
-55.5,35.50704155516198,4,False,7
-57.0,32.90896534380867,8,False,7
-48.0,38.1051177665153,6,False,3
-48.0,38.1051177665153,4,True,11
-46.5,37.239092362730865,10,False,7
-48.0,38.1051177665153,8,False,7
-48.0,39.837168574084174,6,False,7
-46.5,44.16729559300637,4,False,7
-45.0,43.30127018922193,2,False,7
-48.0,43.30127018922193,6,False,7
-42.0,50.229473419497445,4,False,3
-42.0,50.229473419497445,6,True,11
-42.0,48.49742261192857,8,False,7
-42.0,50.229473419497445,6,False,7
-40.5,51.095498823281886,4,False,7
-36.0,51.96152422706632,2,False,7
-36.0,50.22947341949744,0,False,7
-37.5,52.82754963085076,4,False,7
-37.5,42.43524478543749,2,False,3
-37.5,42.43524478543749,8,True,11
-39.0,41.569219381653056,6,False,7
-37.5,42.43524478543749,4,False,7
-36.0,41.569219381653056,2,False,7
-33.00000000000001,38.1051177665153,0,False,7
-34.50000000000001,37.23909236273086,10,False,7
-33.00000000000001,39.837168574084174,2,False,7
-51.0,50.22947341949744,6,False,3
-51.0,50.22947341949744,4,True,11
-49.5,49.363448015713004,10,False,7
-51.0,50.22947341949744,8,False,7
-51.0,51.96152422706632,6,False,7
-49.50000000000001,56.29165124598851,4,False,7
-48.0,55.42562584220407,2,False,7
-51.0,55.42562584220407,6,False,7
-23.999999999999993,25.980762113533153,4,False,3
-23.999999999999993,25.980762113533153,6,True,11
-23.999999999999996,24.248711305964274,8,False,7
-23.999999999999993,25.980762113533153,6,False,7
-22.499999999999993,26.846787517317587,4,False,7
-17.999999999999993,27.712812921102024,2,False,7
-17.999999999999993,25.98076211353315,0,False,7
-31.499999999999993,25.11473670974872,8,False,3
-31.499999999999993,25.11473670974872,2,True,11
-29.999999999999993,25.980762113533153,0,False,7
-31.499999999999993,25.11473670974872,10,False,7
-32.99999999999999,25.980762113533157,8,False,7
-35.99999999999999,29.444863728670914,6,False,7
-34.499999999999986,30.31088913245535,4,False,7
-35.999999999999986,27.712812921102035,8,False,7
-26.99999999999999,32.90896534380866,6,False,3
-26.99999999999999,32.90896534380866,4,True,11
-25.499999999999993,32.042939940024226,10,False,7
-26.99999999999999,32.90896534380866,8,False,7
-26.99999999999999,34.64101615137754,6,False,7
-25.499999999999986,38.971143170299726,4,False,7
-23.999999999999986,38.10511776651529,2,False,7
-26.999999999999986,38.10511776651529,6,False,7
-17.99999999999999,32.90896534380866,4,False,3
-17.99999999999999,32.90896534380866,6,True,11
-17.999999999999993,31.176914536239778,8,False,7
-17.99999999999999,32.90896534380866,6,False,7
-16.49999999999999,33.774990747593094,4,False,7
-11.99999999999999,34.64101615137753,2,False,7
-11.999999999999993,32.90896534380865,0,False,7
-13.499999999999991,35.50704155516197,4,False,7
-4.499999999999993,33.77499074759309,2,False,3
-4.499999999999993,33.77499074759309,8,True,11
-5.999999999999989,32.908965343808646,6,False,7
-4.499999999999993,33.77499074759309,4,False,7
-2.999999999999993,32.908965343808646,2,False,7
7.105427357601002e-15,29.44486372867089,0,False,7
-1.4999999999999964,28.578838324886455,10,False,7
3.552713678800501e-15,31.17691453623977,2,False,7
-8.999999999999996,25.980762113533142,0,False,3
-8.999999999999996,25.980762113533142,10,True,11
-10.499999999999996,26.846787517317583,4,False,7
-8.999999999999996,25.980762113533142,2,False,7
-9.0,24.248711305964264,0,False,7
-10.500000000000002,19.918584287042073,10,False,7
-12.000000000000004,20.784609690826514,8,False,7
-9.000000000000004,20.784609690826514,0,False,7
-8.999999999999986,41.56921938165304,4,False,3
-8.999999999999986,41.56921938165304,6,True,11
-8.999999999999986,39.83716857408416,8,False,7
-8.999999999999986,41.56921938165304,6,False,7
-7.499999999999986,42.435244785437476,4,False,7
-2.999999999999986,43.30127018922191,2,False,7
-2.9999999999999893,41.56921938165304,0,False,7
-4.499999999999986,44.16729559300636,4,False,7
-58.5,12.990381056766578,8,False,3
-58.5,12.990381056766578,2,True,11
-57.0,13.856406460551018,0,False,7
-58.5,12.990381056766578,10,False,7
-60.0,13.856406460551018,8,False,7
-63.0,17.32050807568877,6,False,7
-61.5,18.186533479473212,4,False,7
-54.0,6.928203230275509,0,False,3
-54.0,6.928203230275509,10,True,11
-55.5,7.794228634059947,4,False,7
-54.0,6.928203230275509,2,False,7
-54.0,5.196152422706632,0,False,7
-55.5,0.8660254037844375,10,False,7
-57.0,1.7320508075688785,8,False,7
-54.0,1.7320508075688785,0,False,7
-63.0,6.928203230275509,10,False,3
-63.0,6.928203230275509,0,True,11
-63.0,8.660254037844386,2,False,7
-63.0,6.928203230275509,0,False,7
-64.5,6.0621778264910695,10,False,7
-69.0,5.196152422706632,8,False,7
-69.0,6.928203230275509,6,False,7
-67.5,4.330127018922193,10,False,7
-67.5,14.722431864335457,8,False,3
-67.5,14.722431864335457,2,True,11
-66.0,15.588457268119894,0,False,7
-67.5,14.722431864335457,10,False,7
-69.0,15.588457268119894,8,False,7
-72.0,19.05255888325765,6,False,7
-70.5,19.918584287042087,4,False,7
-72.0,17.32050807568877,8,False,7
-75.0,25.980762113533157,6,False,3
-75.0,25.980762113533157,4,True,11
-73.5,25.11473670974872,10,False,7
-75.0,25.980762113533157,8,False,7
-75.0,27.712812921102035,6,False,7
-73.5,32.042939940024226,4,False,7
-72.0,31.17691453623979,2,False,7
-75.0,31.17691453623979,6,False,7
-66.0,25.980762113533157,4,False,3
-66.0,25.980762113533157,6,True,11
-66.0,24.248711305964278,8,False,7
-66.0,25.980762113533157,6,False,7
-64.5,26.846787517317594,4,False,7
-60.0,27.71281292110203,2,False,7
-60.0,25.980762113533153,0,False,7
-61.5,28.57883832488647,4,False,7
-79.5,18.186533479473212,8,False,3
-79.5,18.186533479473212,2,True,11
-78.0,19.05255888325765,0,False,7
-79.5,18.186533479473212,10,False,7
-81.0,19.05255888325765,8,False,7
-84.0,22.516660498395403,6,False,7
-82.5,23.382685902179844,4,False,7
-84.0,20.784609690826528,8,False,7
