---[1]---
valence:3
tile_count:2
center:(3,4,0)
canonical_boundary:[[(3,2,0),(4,2,1),(3,3,-1),(4,3,1),(6,2,0),(4,5,0),(3,5,-2),(4,4,1),(6,2,1),(4,3,3),(3,5,0),(4,3,4),(6,2,2),(4,4,5),(3,6,1),(4,3,5),(6,1,3),(4,1,6),(3,4,2),(4,1,5),(6,1,2),(4,2,3),(6,1,1),(4,1,2)]]
tiles:[[(6,1,3),(4,1,6),(3,4,2),(4,1,5),(6,1,2),(4,2,3),(3,4,0),(4,3,3),(3,5,0),(4,3,4),(6,2,2),(4,4,5),(3,6,1),(4,3,5)],[(3,2,0),(4,2,1),(3,3,-1),(4,3,1),(6,2,0),(4,5,0),(3,5,-2),(4,4,1),(6,2,1),(4,3,3),(3,4,0),(4,2,3),(6,1,1),(4,1,2)]]
hidden:[(3,4,0)]
indices:[6,10]
---[2]---
valence:4
tile_count:2
center:(4,4,1)
canonical_boundary:[[(3,2,0),(4,2,1),(3,3,-1),(4,3,1),(6,2,0),(4,5,0),(3,5,-2),(4,5,1),(6,3,0),(4,7,0),(3,7,-3),(4,7,1),(6,3,1),(4,6,3),(3,7,-1),(4,5,3),(3,6,-1),(4,5,2),(6,2,1),(4,3,3),(3,4,0),(4,2,3),(6,1,1),(4,1,2)]]
tiles:[[(6,2,1),(4,3,3),(3,4,0),(4,2,3),(6,1,1),(4,1,2),(3,2,0),(4,2,1),(3,3,-1),(4,3,1),(6,2,0),(4,5,0),(3,5,-2),(4,4,1)],[(3,6,-1),(4,5,2),(6,2,1),(4,4,1),(3,5,-2),(4,5,1),(6,3,0),(4,7,0),(3,7,-3),(4,7,1),(6,3,1),(4,6,3),(3,7,-1),(4,5,3)]]
hidden:[(4,4,1)]
indices:[13,3]
---[3]---
valence:4
tile_count:2
center:(4,3,3)
canonical_boundary:[[(3,2,1),(4,1,2),(6,1,1),(4,2,3),(3,4,0),(4,3,2),(6,2,1),(4,5,1),(3,6,-2),(4,6,1),(6,3,1),(4,5,3),(3,7,-1),(4,5,4),(6,2,2),(4,4,3),(3,5,0),(4,3,4),(6,1,2),(4,1,5),(3,3,2),(4,0,5),(6,0,2),(4,1,3)]]
tiles:[[(6,3,1),(4,6,1),(3,6,-2),(4,5,1),(6,2,1),(4,3,2),(3,4,0),(4,3,3),(3,5,0),(4,4,3),(6,2,2),(4,5,4),(3,7,-1),(4,5,3)],[(3,2,1),(4,1,3),(6,0,2),(4,0,5),(3,3,2),(4,1,5),(6,1,2),(4,3,4),(3,5,0),(4,3,3),(3,4,0),(4,2,3),(6,1,1),(4,1,2)]]
hidden:[(4,3,3)]
indices:[7,9]
---[4]---
valence:3
tile_count:2
center:(3,5,0)
canonical_boundary:[[(3,2,1),(4,1,2),(6,1,1),(4,2,3),(3,4,0),(4,3,3),(6,2,1),(4,4,1),(3,5,-2),(4,5,1),(3,6,-2),(4,5,2),(6,3,1),(4,6,3),(3,7,-1),(4,5,3),(6,2,2),(4,3,4),(6,1,2),(4,1,5),(3,3,2),(4,0,5),(6,0,2),(4,1,3)]]
tiles:[[(6,0,2),(4,0,5),(3,3,2),(4,1,5),(6,1,2),(4,3,4),(3,5,0),(4,3,3),(3,4,0),(4,2,3),(6,1,1),(4,1,2),(3,2,1),(4,1,3)],[(3,7,-1),(4,6,3),(6,3,1),(4,5,2),(3,6,-2),(4,5,1),(3,5,-2),(4,4,1),(6,2,1),(4,3,3),(3,5,0),(4,3,4),(6,2,2),(4,5,3)]]
hidden:[(3,5,0)]
indices:[6,10]
---[5]---
valence:4
tile_count:2
center:(4,2,3)
canonical_boundary:[[(3,2,1),(4,1,2),(6,1,1),(4,3,1),(3,4,-1),(4,3,2),(3,4,0),(4,3,3),(6,2,1),(4,5,2),(3,6,-1),(4,5,3),(6,2,2),(4,4,5),(3,6,1),(4,3,5),(3,5,1),(4,3,4),(6,1,2),(4,1,5),(3,3,2),(4,1,4),(6,0,2),(4,0,3)]]
tiles:[[(6,0,2),(4,0,3),(3,2,1),(4,1,2),(6,1,1),(4,3,1),(3,4,-1),(4,3,2),(3,4,0),(4,2,3),(6,1,2),(4,1,5),(3,3,2),(4,1,4)],[(3,4,0),(4,3,3),(6,2,1),(4,5,2),(3,6,-1),(4,5,3),(6,2,2),(4,4,5),(3,6,1),(4,3,5),(3,5,1),(4,3,4),(6,1,2),(4,2,3)]]
hidden:[(4,2,3)]
indices:[9,13]
---[6]---
valence:4
tile_count:2
center:(4,3,2)
canonical_boundary:[[(3,1,0),(4,1,0),(6,1,0),(4,2,1),(3,3,-1),(4,3,1),(3,4,-1),(4,4,1),(3,5,-2),(4,5,1),(6,2,1),(4,4,3),(3,5,0),(4,3,4),(6,1,2),(4,2,3),(3,3,1),(4,1,3),(3,2,1),(4,0,3),(6,0,1),(4,1,1)]]
tiles:[[(6,0,1),(4,0,3),(3,2,1),(4,1,3),(6,1,1),(4,3,2),(3,4,-1),(4,3,1),(3,3,-1),(4,2,1),(6,1,0),(4,1,0),(3,1,0),(4,1,1)],[(3,5,0),(4,4,3),(6,2,1),(4,5,1),(3,5,-2),(4,4,1),(3,4,-1),(4,3,2),(6,1,1),(4,1,3),(3,3,1),(4,2,3),(6,1,2),(4,3,4)]]
hidden:[(4,3,2),(6,1,1)]
indices:[5,7]
---[7]---
valence:6
tile_count:2
center:(6,1,1)
canonical_boundary:[[(3,1,0),(4,1,0),(6,1,0),(4,2,1),(3,3,-1),(4,3,1),(3,4,-1),(4,4,1),(3,5,-2),(4,5,1),(6,2,1),(4,4,3),(3,5,0),(4,3,4),(6,1,2),(4,2,3),(3,3,1),(4,1,3),(3,2,1),(4,0,3),(6,0,1),(4,1,1)]]
tiles:[[(6,0,1),(4,0,3),(3,2,1),(4,1,3),(6,1,1),(4,3,2),(3,4,-1),(4,3,1),(3,3,-1),(4,2,1),(6,1,0),(4,1,0),(3,1,0),(4,1,1)],[(3,5,0),(4,4,3),(6,2,1),(4,5,1),(3,5,-2),(4,4,1),(3,4,-1),(4,3,2),(6,1,1),(4,1,3),(3,3,1),(4,2,3),(6,1,2),(4,3,4)]]
hidden:[(4,3,2),(6,1,1)]
indices:[4,8]
---[8]---
valence:4
tile_count:2
center:(4,3,2)
canonical_boundary:[[(3,1,0),(4,1,0),(6,1,0),(4,2,1),(3,3,-1),(4,3,1),(3,4,-1),(4,4,1),(6,2,1),(4,3,3),(3,5,0),(4,3,4),(3,5,1),(4,2,5),(6,1,2),(4,1,4),(3,3,1),(4,1,3),(3,2,1),(4,0,3),(6,0,1),(4,1,1)]]
tiles:[[(6,0,1),(4,0,3),(3,2,1),(4,1,3),(6,1,1),(4,3,2),(3,4,-1),(4,3,1),(3,3,-1),(4,2,1),(6,1,0),(4,1,0),(3,1,0),(4,1,1)],[(3,5,1),(4,3,4),(3,5,0),(4,3,3),(6,2,1),(4,4,1),(3,4,-1),(4,3,2),(6,1,1),(4,1,3),(3,3,1),(4,1,4),(6,1,2),(4,2,5)]]
hidden:[(4,3,2),(6,1,1)]
indices:[5,7]
---[9]---
valence:6
tile_count:2
center:(6,1,1)
canonical_boundary:[[(3,1,0),(4,1,0),(6,1,0),(4,2,1),(3,3,-1),(4,3,1),(3,4,-1),(4,4,1),(6,2,1),(4,3,3),(3,5,0),(4,3,4),(3,5,1),(4,2,5),(6,1,2),(4,1,4),(3,3,1),(4,1,3),(3,2,1),(4,0,3),(6,0,1),(4,1,1)]]
tiles:[[(6,0,1),(4,0,3),(3,2,1),(4,1,3),(6,1,1),(4,3,2),(3,4,-1),(4,3,1),(3,3,-1),(4,2,1),(6,1,0),(4,1,0),(3,1,0),(4,1,1)],[(3,5,1),(4,3,4),(3,5,0),(4,3,3),(6,2,1),(4,4,1),(3,4,-1),(4,3,2),(6,1,1),(4,1,3),(3,3,1),(4,1,4),(6,1,2),(4,2,5)]]
hidden:[(4,3,2),(6,1,1)]
indices:[4,8]
---[10]---
valence:3
tile_count:2
center:(3,4,0)
canonical_boundary:[[(3,2,0),(4,2,1),(3,3,-1),(4,3,1),(6,2,0),(4,5,0),(3,5,-2),(4,4,1),(6,2,1),(4,5,2),(3,6,-1),(4,4,3),(6,2,2),(4,3,5),(3,5,1),(4,2,5),(6,1,2),(4,1,4),(3,3,1),(4,2,3),(6,1,1),(4,1,2)]]
tiles:[[(6,2,1),(4,3,3),(3,4,0),(4,2,3),(6,1,1),(4,1,2),(3,2,0),(4,2,1),(3,3,-1),(4,3,1),(6,2,0),(4,5,0),(3,5,-2),(4,4,1)],[(3,3,1),(4,2,3),(3,4,0),(4,3,3),(6,2,1),(4,5,2),(3,6,-1),(4,4,3),(6,2,2),(4,3,5),(3,5,1),(4,2,5),(6,1,2),(4,1,4)]]
hidden:[(3,4,0),(4,3,3)]
indices:[2,2]
---[11]---
valence:4
tile_count:2
center:(4,3,3)
canonical_boundary:[[(3,2,0),(4,2,1),(3,3,-1),(4,3,1),(6,2,0),(4,5,0),(3,5,-2),(4,4,1),(6,2,1),(4,5,2),(3,6,-1),(4,4,3),(6,2,2),(4,3,5),(3,5,1),(4,2,5),(6,1,2),(4,1,4),(3,3,1),(4,2,3),(6,1,1),(4,1,2)]]
tiles:[[(6,2,1),(4,3,3),(3,4,0),(4,2,3),(6,1,1),(4,1,2),(3,2,0),(4,2,1),(3,3,-1),(4,3,1),(6,2,0),(4,5,0),(3,5,-2),(4,4,1)],[(3,3,1),(4,2,3),(3,4,0),(4,3,3),(6,2,1),(4,5,2),(3,6,-1),(4,4,3),(6,2,2),(4,3,5),(3,5,1),(4,2,5),(6,1,2),(4,1,4)]]
hidden:[(3,4,0),(4,3,3)]
indices:[1,3]
---[12]---
valence:3
tile_count:2
center:(3,4,0)
canonical_boundary:[[(3,2,0),(4,2,1),(3,3,-1),(4,3,1),(6,2,0),(4,5,0),(3,5,-2),(4,4,1),(6,2,1),(4,5,2),(3,6,-1),(4,5,3),(6,2,2),(4,4,5),(3,6,1),(4,3,5),(3,5,1),(4,3,4),(6,1,2),(4,2,3),(6,1,1),(4,1,2)]]
tiles:[[(6,2,1),(4,3,3),(3,4,0),(4,2,3),(6,1,1),(4,1,2),(3,2,0),(4,2,1),(3,3,-1),(4,3,1),(6,2,0),(4,5,0),(3,5,-2),(4,4,1)],[(3,5,1),(4,3,4),(6,1,2),(4,2,3),(3,4,0),(4,3,3),(6,2,1),(4,5,2),(3,6,-1),(4,5,3),(6,2,2),(4,4,5),(3,6,1),(4,3,5)]]
hidden:[(3,4,0),(4,3,3)]
indices:[2,4]
---[13]---
valence:4
tile_count:2
center:(4,3,3)
canonical_boundary:[[(3,2,0),(4,2,1),(3,3,-1),(4,3,1),(6,2,0),(4,5,0),(3,5,-2),(4,4,1),(6,2,1),(4,5,2),(3,6,-1),(4,5,3),(6,2,2),(4,4,5),(3,6,1),(4,3,5),(3,5,1),(4,3,4),(6,1,2),(4,2,3),(6,1,1),(4,1,2)]]
tiles:[[(6,2,1),(4,3,3),(3,4,0),(4,2,3),(6,1,1),(4,1,2),(3,2,0),(4,2,1),(3,3,-1),(4,3,1),(6,2,0),(4,5,0),(3,5,-2),(4,4,1)],[(3,5,1),(4,3,4),(6,1,2),(4,2,3),(3,4,0),(4,3,3),(6,2,1),(4,5,2),(3,6,-1),(4,5,3),(6,2,2),(4,4,5),(3,6,1),(4,3,5)]]
hidden:[(3,4,0),(4,3,3)]
indices:[1,5]
---[14]---
valence:3
tile_count:2
center:(3,2,1)
canonical_boundary:[[(3,1,0),(4,1,0),(6,1,0),(4,2,1),(3,3,-1),(4,3,1),(3,4,-1),(4,3,2),(3,4,0),(4,3,3),(6,1,2),(4,2,5),(3,4,2),(4,1,5),(3,3,2),(4,1,4),(6,0,2),(4,0,3),(6,0,1),(4,1,1)]]
tiles:[[(6,0,1),(4,0,3),(3,2,1),(4,1,3),(6,1,1),(4,3,2),(3,4,-1),(4,3,1),(3,3,-1),(4,2,1),(6,1,0),(4,1,0),(3,1,0),(4,1,1)],[(3,4,2),(4,2,5),(6,1,2),(4,3,3),(3,4,0),(4,3,2),(6,1,1),(4,1,3),(3,2,1),(4,0,3),(6,0,2),(4,1,4),(3,3,2),(4,1,5)]]
hidden:[(3,2,1),(4,1,3),(6,1,1)]
indices:[2,8]
---[15]---
valence:4
tile_count:2
center:(4,1,3)
canonical_boundary:[[(3,1,0),(4,1,0),(6,1,0),(4,2,1),(3,3,-1),(4,3,1),(3,4,-1),(4,3,2),(3,4,0),(4,3,3),(6,1,2),(4,2,5),(3,4,2),(4,1,5),(3,3,2),(4,1,4),(6,0,2),(4,0,3),(6,0,1),(4,1,1)]]
tiles:[[(6,0,1),(4,0,3),(3,2,1),(4,1,3),(6,1,1),(4,3,2),(3,4,-1),(4,3,1),(3,3,-1),(4,2,1),(6,1,0),(4,1,0),(3,1,0),(4,1,1)],[(3,4,2),(4,2,5),(6,1,2),(4,3,3),(3,4,0),(4,3,2),(6,1,1),(4,1,3),(3,2,1),(4,0,3),(6,0,2),(4,1,4),(3,3,2),(4,1,5)]]
hidden:[(3,2,1),(4,1,3),(6,1,1)]
indices:[3,7]
---[16]---
valence:6
tile_count:2
center:(6,1,1)
canonical_boundary:[[(3,1,0),(4,1,0),(6,1,0),(4,2,1),(3,3,-1),(4,3,1),(3,4,-1),(4,3,2),(3,4,0),(4,3,3),(6,1,2),(4,2,5),(3,4,2),(4,1,5),(3,3,2),(4,1,4),(6,0,2),(4,0,3),(6,0,1),(4,1,1)]]
tiles:[[(6,0,1),(4,0,3),(3,2,1),(4,1,3),(6,1,1),(4,3,2),(3,4,-1),(4,3,1),(3,3,-1),(4,2,1),(6,1,0),(4,1,0),(3,1,0),(4,1,1)],[(3,4,2),(4,2,5),(6,1,2),(4,3,3),(3,4,0),(4,3,2),(6,1,1),(4,1,3),(3,2,1),(4,0,3),(6,0,2),(4,1,4),(3,3,2),(4,1,5)]]
hidden:[(3,2,1),(4,1,3),(6,1,1)]
indices:[4,6]
---[17]---
valence:3
tile_count:2
center:(3,4,0)
canonical_boundary:[[(3,2,0),(4,2,1),(3,3,-1),(4,3,1),(6,2,0),(4,5,0),(3,5,-2),(4,4,1),(6,2,1),(4,3,3),(3,5,0),(4,3,4),(6,1,2),(4,1,5),(3,3,2),(4,0,5),(6,0,2),(4,1,3),(3,2,1),(4,1,2)]]
tiles:[[(6,2,1),(4,3,3),(3,4,0),(4,2,3),(6,1,1),(4,1,2),(3,2,0),(4,2,1),(3,3,-1),(4,3,1),(6,2,0),(4,5,0),(3,5,-2),(4,4,1)],[(3,3,2),(4,0,5),(6,0,2),(4,1,3),(3,2,1),(4,1,2),(6,1,1),(4,2,3),(3,4,0),(4,3,3),(3,5,0),(4,3,4),(6,1,2),(4,1,5)]]
hidden:[(3,4,0),(4,2,3),(6,1,1)]
indices:[2,8]
---[18]---
valence:4
tile_count:2
center:(4,2,3)
canonical_boundary:[[(3,2,0),(4,2,1),(3,3,-1),(4,3,1),(6,2,0),(4,5,0),(3,5,-2),(4,4,1),(6,2,1),(4,3,3),(3,5,0),(4,3,4),(6,1,2),(4,1,5),(3,3,2),(4,0,5),(6,0,2),(4,1,3),(3,2,1),(4,1,2)]]
tiles:[[(6,2,1),(4,3,3),(3,4,0),(4,2,3),(6,1,1),(4,1,2),(3,2,0),(4,2,1),(3,3,-1),(4,3,1),(6,2,0),(4,5,0),(3,5,-2),(4,4,1)],[(3,3,2),(4,0,5),(6,0,2),(4,1,3),(3,2,1),(4,1,2),(6,1,1),(4,2,3),(3,4,0),(4,3,3),(3,5,0),(4,3,4),(6,1,2),(4,1,5)]]
hidden:[(3,4,0),(4,2,3),(6,1,1)]
indices:[3,7]
---[19]---
valence:6
tile_count:2
center:(6,1,1)
canonical_boundary:[[(3,2,0),(4,2,1),(3,3,-1),(4,3,1),(6,2,0),(4,5,0),(3,5,-2),(4,4,1),(6,2,1),(4,3,3),(3,5,0),(4,3,4),(6,1,2),(4,1,5),(3,3,2),(4,0,5),(6,0,2),(4,1,3),(3,2,1),(4,1,2)]]
tiles:[[(6,2,1),(4,3,3),(3,4,0),(4,2,3),(6,1,1),(4,1,2),(3,2,0),(4,2,1),(3,3,-1),(4,3,1),(6,2,0),(4,5,0),(3,5,-2),(4,4,1)],[(3,3,2),(4,0,5),(6,0,2),(4,1,3),(3,2,1),(4,1,2),(6,1,1),(4,2,3),(3,4,0),(4,3,3),(3,5,0),(4,3,4),(6,1,2),(4,1,5)]]
hidden:[(3,4,0),(4,2,3),(6,1,1)]
indices:[4,6]
---[20]---
valence:3
tile_count:3
center:(3,5,0)
canonical_boundary:[[(3,2,1),(4,1,2),(6,1,1),(4,2,3),(3,4,0),(4,3,3),(6,2,1),(4,4,1),(3,5,-2),(4,5,0),(6,3,0),(4,6,1),(3,7,-3),(4,7,1),(6,3,1),(4,5,2),(3,6,-1),(4,4,3),(6,2,2),(4,5,4),(3,7,0),(4,5,5),(6,2,3),(4,3,6),(3,6,2),(4,2,7),(6,1,3),(4,3,5),(3,5,1),(4,3,4),(6,1,2),(4,1,5),(3,3,2),(4,0,5),(6,0,2),(4,1,3)]]
tiles:[[(6,2,3),(4,5,5),(3,7,0),(4,5,4),(6,2,2),(4,4,3),(3,5,0),(4,3,4),(3,5,1),(4,3,5),(6,1,3),(4,2,7),(3,6,2),(4,3,6)],[(3,7,-3),(4,6,1),(6,3,0),(4,5,0),(3,5,-2),(4,4,1),(6,2,1),(4,3,3),(3,5,0),(4,4,3),(3,6,-1),(4,5,2),(6,3,1),(4,7,1)],[(3,4,0),(4,2,3),(6,1,1),(4,1,2),(3,2,1),(4,1,3),(6,0,2),(4,0,5),(3,3,2),(4,1,5),(6,1,2),(4,3,4),(3,5,0),(4,3,3)]]
hidden:[(3,5,0)]
indices:[6,8,12]
---[21]---
valence:3
tile_count:3
center:(3,5,0)
canonical_boundary:[[(3,2,1),(4,1,2),(6,1,1),(4,2,3),(3,4,0),(4,3,3),(6,2,1),(4,4,1),(3,5,-2),(4,5,0),(6,3,0),(4,6,1),(3,7,-3),(4,7,1),(6,3,1),(4,5,2),(3,6,-1),(4,4,3),(6,2,2),(4,3,5),(3,6,1),(4,3,6),(3,6,2),(4,2,7),(6,1,3),(4,1,6),(3,4,2),(4,1,5),(3,3,2),(4,0,5),(6,0,2),(4,1,3)]]
tiles:[[(6,3,0),(4,5,0),(3,5,-2),(4,4,1),(6,2,1),(4,3,3),(3,5,0),(4,4,3),(3,6,-1),(4,5,2),(6,3,1),(4,7,1),(3,7,-3),(4,6,1)],[(3,2,1),(4,1,3),(6,0,2),(4,0,5),(3,3,2),(4,1,5),(6,1,2),(4,3,4),(3,5,0),(4,3,3),(3,4,0),(4,2,3),(6,1,1),(4,1,2)],[(3,4,2),(4,1,6),(6,1,3),(4,2,7),(3,6,2),(4,3,6),(3,6,1),(4,3,5),(6,2,2),(4,4,3),(3,5,0),(4,3,4),(6,1,2),(4,1,5)]]
hidden:[(3,5,0),(4,3,4),(6,1,2)]
indices:[6,8,10]
---[22]---
valence:3
tile_count:3
center:(3,5,0)
canonical_boundary:[[(3,2,1),(4,1,2),(6,1,1),(4,2,3),(3,4,0),(4,3,2),(6,2,1),(4,5,1),(3,6,-2),(4,6,1),(6,3,1),(4,5,3),(3,7,-1),(4,5,4),(3,7,0),(4,5,5),(6,2,3),(4,3,6),(3,6,2),(4,2,7),(6,1,3),(4,3,5),(3,5,1),(4,3,4),(6,1,2),(4,1,5),(3,3,2),(4,0,5),(6,0,2),(4,1,3)]]
tiles:[[(6,2,3),(4,5,5),(3,7,0),(4,5,4),(6,2,2),(4,4,3),(3,5,0),(4,3,4),(3,5,1),(4,3,5),(6,1,3),(4,2,7),(3,6,2),(4,3,6)],[(3,6,-2),(4,5,1),(6,2,1),(4,3,2),(3,4,0),(4,3,3),(3,5,0),(4,4,3),(6,2,2),(4,5,4),(3,7,-1),(4,5,3),(6,3,1),(4,6,1)],[(3,4,0),(4,2,3),(6,1,1),(4,1,2),(3,2,1),(4,1,3),(6,0,2),(4,0,5),(3,3,2),(4,1,5),(6,1,2),(4,3,4),(3,5,0),(4,3,3)]]
hidden:[(3,5,0),(4,3,3),(4,4,3),(6,2,2)]
indices:[6,6,12]
---[23]---
valence:3
tile_count:3
center:(3,5,0)
canonical_boundary:[[(3,2,1),(4,1,2),(6,1,1),(4,2,3),(3,4,0),(4,3,3),(6,2,1),(4,5,2),(3,6,-2),(4,6,1),(3,7,-3),(4,7,1),(6,3,1),(4,6,3),(3,7,-1),(4,5,4),(6,2,2),(4,3,5),(3,6,1),(4,3,6),(3,6,2),(4,2,7),(6,1,3),(4,1,6),(3,4,2),(4,1,5),(3,3,2),(4,0,5),(6,0,2),(4,1,3)]]
tiles:[[(6,0,2),(4,0,5),(3,3,2),(4,1,5),(6,1,2),(4,3,4),(3,5,0),(4,3,3),(3,4,0),(4,2,3),(6,1,1),(4,1,2),(3,2,1),(4,1,3)],[(3,6,2),(4,3,6),(3,6,1),(4,3,5),(6,2,2),(4,4,3),(3,5,0),(4,3,4),(6,1,2),(4,1,5),(3,4,2),(4,1,6),(6,1,3),(4,2,7)],[(3,7,-1),(4,6,3),(6,3,1),(4,7,1),(3,7,-3),(4,6,1),(3,6,-2),(4,5,2),(6,2,1),(4,3,3),(3,5,0),(4,4,3),(6,2,2),(4,5,4)]]
hidden:[(3,5,0),(4,3,4),(4,4,3),(6,1,2)]
indices:[6,6,10]
---[24]---
valence:3
tile_count:3
center:(3,5,0)
canonical_boundary:[[(3,2,1),(4,1,2),(6,1,1),(4,3,1),(3,4,-1),(4,4,1),(6,2,1),(4,5,2),(3,6,-2),(4,6,1),(3,7,-3),(4,7,1),(6,3,1),(4,6,3),(3,7,-1),(4,5,4),(6,2,2),(4,3,5),(3,6,1),(4,3,6),(3,6,2),(4,2,7),(6,1,3),(4,1,6),(3,4,2),(4,1,5),(6,1,2),(4,2,3),(3,3,1),(4,1,3)]]
tiles:[[(6,2,1),(4,4,1),(3,4,-1),(4,3,1),(6,1,1),(4,1,2),(3,2,1),(4,1,3),(3,3,1),(4,2,3),(6,1,2),(4,3,4),(3,5,0),(4,3,3)],[(3,5,0),(4,3,4),(6,1,2),(4,1,5),(3,4,2),(4,1,6),(6,1,3),(4,2,7),(3,6,2),(4,3,6),(3,6,1),(4,3,5),(6,2,2),(4,4,3)],[(3,6,-2),(4,5,2),(6,2,1),(4,3,3),(3,5,0),(4,4,3),(6,2,2),(4,5,4),(3,7,-1),(4,6,3),(6,3,1),(4,7,1),(3,7,-3),(4,6,1)]]
hidden:[(3,5,0),(4,3,3),(4,3,4),(4,4,3)]
indices:[12,0,4]
---[25]---
valence:4
tile_count:3
center:(4,3,4)
canonical_boundary:[[(3,3,1),(4,1,3),(6,1,1),(4,3,2),(3,4,-1),(4,4,1),(6,2,1),(4,3,3),(3,5,0),(4,4,3),(3,6,-1),(4,5,3),(6,3,1),(4,7,2),(3,8,-2),(4,6,3),(6,3,2),(4,5,5),(3,8,0),(4,5,6),(6,2,3),(4,3,7),(3,6,2),(4,2,7),(6,1,3),(4,3,5),(3,5,1),(4,2,5),(6,1,2),(4,1,4)]]
tiles:[[(6,3,2),(4,5,5),(3,7,0),(4,4,5),(6,2,2),(4,3,4),(3,5,0),(4,4,3),(3,6,-1),(4,5,3),(6,3,1),(4,7,2),(3,8,-2),(4,6,3)],[(3,6,2),(4,2,7),(6,1,3),(4,3,5),(3,5,1),(4,3,4),(6,2,2),(4,4,5),(3,7,0),(4,5,5),(3,8,0),(4,5,6),(6,2,3),(4,3,7)],[(3,3,1),(4,1,3),(6,1,1),(4,3,2),(3,4,-1),(4,4,1),(6,2,1),(4,3,3),(3,5,0),(4,3,4),(3,5,1),(4,2,5),(6,1,2),(4,1,4)]]
hidden:[(3,7,0),(4,3,4),(4,4,5),(6,2,2)]
indices:[5,5,9]
---[26]---
valence:6
tile_count:3
center:(6,2,2)
canonical_boundary:[[(3,4,0),(4,3,2),(6,2,1),(4,4,3),(3,6,-1),(4,5,2),(3,6,-2),(4,6,1),(6,3,1),(4,7,2),(3,8,-2),(4,7,3),(6,3,2),(4,5,4),(3,7,0),(4,5,5),(3,8,0),(4,5,6),(6,2,3),(4,3,7),(3,6,2),(4,2,7),(6,1,3),(4,3,5),(3,5,1),(4,2,5),(3,4,2),(4,1,5),(6,1,2),(4,2,3)]]
tiles:[[(6,3,2),(4,7,3),(3,8,-2),(4,7,2),(6,3,1),(4,6,1),(3,6,-2),(4,5,2),(3,6,-1),(4,5,3),(6,2,2),(4,4,5),(3,7,0),(4,5,4)],[(3,6,-1),(4,4,3),(6,2,1),(4,3,2),(3,4,0),(4,2,3),(6,1,2),(4,1,5),(3,4,2),(4,2,5),(3,5,1),(4,3,4),(6,2,2),(4,5,3)],[(3,7,0),(4,4,5),(6,2,2),(4,3,4),(3,5,1),(4,3,5),(6,1,3),(4,2,7),(3,6,2),(4,3,7),(6,2,3),(4,5,6),(3,8,0),(4,5,5)]]
hidden:[(4,3,4),(4,4,5),(4,5,3),(6,2,2)]
indices:[10,12,2]
---[27]---
valence:6
tile_count:3
center:(6,2,1)
canonical_boundary:[[(3,2,0),(4,2,1),(3,3,-1),(4,3,1),(6,2,0),(4,5,0),(3,5,-2),(4,5,1),(6,3,0),(4,7,0),(3,7,-3),(4,7,1),(6,3,1),(4,6,3),(3,7,-1),(4,5,3),(3,6,-1),(4,4,3),(6,2,2),(4,3,5),(3,5,1),(4,2,5),(6,1,2),(4,1,4),(3,3,1),(4,2,3),(6,1,1),(4,1,2)]]
tiles:[[(6,2,1),(4,3,3),(3,4,0),(4,2,3),(6,1,1),(4,1,2),(3,2,0),(4,2,1),(3,3,-1),(4,3,1),(6,2,0),(4,5,0),(3,5,-2),(4,4,1)],[(3,6,-1),(4,5,2),(6,2,1),(4,4,1),(3,5,-2),(4,5,1),(6,3,0),(4,7,0),(3,7,-3),(4,7,1),(6,3,1),(4,6,3),(3,7,-1),(4,5,3)],[(3,3,1),(4,2,3),(3,4,0),(4,3,3),(6,2,1),(4,5,2),(3,6,-1),(4,4,3),(6,2,2),(4,3,5),(3,5,1),(4,2,5),(6,1,2),(4,1,4)]]
hidden:[(3,4,0),(4,3,3),(4,4,1),(4,5,2),(6,2,1)]
indices:[0,2,4]
---[28]---
valence:4
tile_count:3
center:(4,3,3)
canonical_boundary:[[(3,2,0),(4,2,1),(3,3,-1),(4,3,1),(6,2,0),(4,5,0),(6,3,0),(4,6,1),(3,7,-3),(4,7,1),(6,3,1),(4,5,2),(3,6,-1),(4,4,3),(3,5,0),(4,3,4),(6,2,2),(4,4,5),(3,6,1),(4,3,5),(6,1,3),(4,1,6),(3,4,2),(4,1,5),(6,1,2),(4,2,3),(6,1,1),(4,1,2)]]
tiles:[[(6,2,1),(4,3,3),(3,4,0),(4,2,3),(6,1,1),(4,1,2),(3,2,0),(4,2,1),(3,3,-1),(4,3,1),(6,2,0),(4,5,0),(3,5,-2),(4,4,1)],[(3,5,0),(4,3,3),(6,2,1),(4,4,1),(3,5,-2),(4,5,0),(6,3,0),(4,6,1),(3,7,-3),(4,7,1),(6,3,1),(4,5,2),(3,6,-1),(4,4,3)],[(3,4,2),(4,1,5),(6,1,2),(4,2,3),(3,4,0),(4,3,3),(3,5,0),(4,3,4),(6,2,2),(4,4,5),(3,6,1),(4,3,5),(6,1,3),(4,1,6)]]
hidden:[(3,4,0),(3,5,-2),(4,3,3),(4,4,1),(6,2,1)]
indices:[1,1,5]
---[29]---
valence:3
tile_count:3
center:(3,5,0)
canonical_boundary:[[(3,2,1),(4,1,2),(6,1,1),(4,2,3),(3,4,0),(4,3,2),(6,2,1),(4,5,1),(3,6,-2),(4,6,1),(6,3,1),(4,5,3),(3,7,-1),(4,5,4),(6,2,2),(4,3,5),(3,6,1),(4,3,6),(3,6,2),(4,2,7),(6,1,3),(4,1,6),(3,4,2),(4,1,5),(3,3,2),(4,0,5),(6,0,2),(4,1,3)]]
tiles:[[(6,0,2),(4,0,5),(3,3,2),(4,1,5),(6,1,2),(4,3,4),(3,5,0),(4,3,3),(3,4,0),(4,2,3),(6,1,1),(4,1,2),(3,2,1),(4,1,3)],[(3,6,2),(4,3,6),(3,6,1),(4,3,5),(6,2,2),(4,4,3),(3,5,0),(4,3,4),(6,1,2),(4,1,5),(3,4,2),(4,1,6),(6,1,3),(4,2,7)],[(3,7,-1),(4,5,3),(6,3,1),(4,6,1),(3,6,-2),(4,5,1),(6,2,1),(4,3,2),(3,4,0),(4,3,3),(3,5,0),(4,4,3),(6,2,2),(4,5,4)]]
hidden:[(3,5,0),(4,3,3),(4,3,4),(4,4,3),(6,1,2)]
indices:[6,6,10]
---[30]---
valence:4
tile_count:3
center:(4,3,3)
canonical_boundary:[[(3,2,1),(4,1,2),(6,1,1),(4,3,1),(3,3,-1),(4,3,0),(6,2,0),(4,4,1),(3,5,-2),(4,5,1),(3,6,-2),(4,6,1),(3,7,-3),(4,7,1),(6,3,1),(4,6,3),(3,7,-1),(4,5,4),(6,2,2),(4,4,3),(3,5,0),(4,3,4),(6,1,2),(4,1,5),(3,3,2),(4,0,5),(6,0,2),(4,1,3)]]
tiles:[[(6,1,1),(4,2,3),(3,4,0),(4,3,3),(6,2,1),(4,5,2),(3,6,-2),(4,5,1),(3,5,-2),(4,4,1),(6,2,0),(4,3,0),(3,3,-1),(4,3,1)],[(3,5,0),(4,3,3),(3,4,0),(4,2,3),(6,1,1),(4,1,2),(3,2,1),(4,1,3),(6,0,2),(4,0,5),(3,3,2),(4,1,5),(6,1,2),(4,3,4)],[(3,7,-1),(4,6,3),(6,3,1),(4,7,1),(3,7,-3),(4,6,1),(3,6,-2),(4,5,2),(6,2,1),(4,3,3),(3,5,0),(4,4,3),(6,2,2),(4,5,4)]]
hidden:[(3,4,0),(4,2,3),(4,3,3),(4,5,2),(6,2,1)]
indices:[3,1,9]
---[31]---
valence:4
tile_count:3
center:(4,3,3)
canonical_boundary:[[(3,2,0),(4,2,1),(3,3,-1),(4,3,1),(6,2,0),(4,5,0),(3,5,-2),(4,5,1),(3,6,-2),(4,5,2),(6,3,1),(4,6,3),(3,7,-1),(4,5,3),(6,2,2),(4,4,5),(3,6,1),(4,3,5),(6,1,3),(4,1,6),(3,4,2),(4,1,5),(6,1,2),(4,2,3),(6,1,1),(4,1,2)]]
tiles:[[(6,2,2),(4,3,4),(3,5,0),(4,3,3),(6,2,1),(4,4,1),(3,5,-2),(4,5,1),(3,6,-2),(4,5,2),(6,3,1),(4,6,3),(3,7,-1),(4,5,3)],[(3,4,0),(4,3,3),(3,5,0),(4,3,4),(6,2,2),(4,4,5),(3,6,1),(4,3,5),(6,1,3),(4,1,6),(3,4,2),(4,1,5),(6,1,2),(4,2,3)],[(3,2,0),(4,2,1),(3,3,-1),(4,3,1),(6,2,0),(4,5,0),(3,5,-2),(4,4,1),(6,2,1),(4,3,3),(3,4,0),(4,2,3),(6,1,1),(4,1,2)]]
hidden:[(3,4,0),(3,5,0),(4,3,3),(4,3,4),(4,4,1),(6,2,1)]
indices:[3,1,9]
---[32]---
valence:6
tile_count:3
center:(6,2,1)
canonical_boundary:[[(3,2,0),(4,2,1),(3,3,-1),(4,3,1),(6,2,0),(4,5,0),(3,5,-2),(4,5,1),(6,3,0),(4,7,0),(3,7,-3),(4,7,1),(6,3,1),(4,6,3),(3,7,-1),(4,5,3),(6,2,2),(4,4,5),(3,6,1),(4,3,5),(3,5,1),(4,3,4),(6,1,2),(4,2,3),(6,1,1),(4,1,2)]]
tiles:[[(6,2,1),(4,5,2),(3,6,-1),(4,5,3),(6,2,2),(4,4,5),(3,6,1),(4,3,5),(3,5,1),(4,3,4),(6,1,2),(4,2,3),(3,4,0),(4,3,3)],[(3,5,-2),(4,4,1),(6,2,1),(4,3,3),(3,4,0),(4,2,3),(6,1,1),(4,1,2),(3,2,0),(4,2,1),(3,3,-1),(4,3,1),(6,2,0),(4,5,0)],[(3,7,-1),(4,5,3),(3,6,-1),(4,5,2),(6,2,1),(4,4,1),(3,5,-2),(4,5,1),(6,3,0),(4,7,0),(3,7,-3),(4,7,1),(6,3,1),(4,6,3)]]
hidden:[(3,4,0),(3,6,-1),(4,3,3),(4,4,1),(4,5,2),(6,2,1)]
indices:[0,2,4]
---[33]---
valence:4
tile_count:3
center:(4,3,2)
canonical_boundary:[[(3,1,0),(4,1,0),(6,1,0),(4,2,1),(3,3,-1),(4,3,1),(3,4,-1),(4,4,1),(6,2,1),(4,5,2),(3,6,-1),(4,5,3),(6,2,2),(4,3,4),(3,5,1),(4,2,5),(3,4,2),(4,1,5),(3,3,2),(4,1,4),(6,0,2),(4,0,3),(6,0,1),(4,1,1)]]
tiles:[[(6,1,1),(4,3,2),(3,4,0),(4,3,3),(6,1,2),(4,2,5),(3,4,2),(4,1,5),(3,3,2),(4,1,4),(6,0,2),(4,0,3),(3,2,1),(4,1,3)],[(3,4,-1),(4,3,2),(6,1,1),(4,1,3),(3,2,1),(4,0,3),(6,0,1),(4,1,1),(3,1,0),(4,1,0),(6,1,0),(4,2,1),(3,3,-1),(4,3,1)],[(3,6,-1),(4,5,3),(6,2,2),(4,3,4),(3,5,1),(4,2,5),(6,1,2),(4,3,3),(3,4,0),(4,3,2),(3,4,-1),(4,4,1),(6,2,1),(4,5,2)]]
hidden:[(3,2,1),(3,4,0),(4,1,3),(4,3,2),(4,3,3),(6,1,1),(6,1,2)]
indices:[1,1,9]
---[34]---
valence:4
tile_count:3
center:(4,3,3)
canonical_boundary:[[(3,2,0),(4,2,1),(3,3,-1),(4,3,1),(6,2,0),(4,5,0),(3,5,-2),(4,5,1),(3,6,-2),(4,5,2),(6,3,1),(4,6,3),(3,7,-1),(4,5,3),(6,2,2),(4,3,4),(6,1,2),(4,1,5),(3,3,2),(4,0,5),(6,0,2),(4,1,3),(3,2,1),(4,1,2)]]
tiles:[[(6,2,2),(4,3,4),(3,5,0),(4,3,3),(6,2,1),(4,4,1),(3,5,-2),(4,5,1),(3,6,-2),(4,5,2),(6,3,1),(4,6,3),(3,7,-1),(4,5,3)],[(3,2,1),(4,1,2),(6,1,1),(4,2,3),(3,4,0),(4,3,3),(3,5,0),(4,3,4),(6,1,2),(4,1,5),(3,3,2),(4,0,5),(6,0,2),(4,1,3)],[(3,2,0),(4,2,1),(3,3,-1),(4,3,1),(6,2,0),(4,5,0),(3,5,-2),(4,4,1),(6,2,1),(4,3,3),(3,4,0),(4,2,3),(6,1,1),(4,1,2)]]
hidden:[(3,4,0),(3,5,0),(4,2,3),(4,3,3),(4,4,1),(6,1,1),(6,2,1)]
indices:[3,5,9]
---[35]---
valence:6
tile_count:3
center:(6,2,2)
canonical_boundary:[[(3,3,1),(4,2,3),(3,4,0),(4,3,3),(6,2,1),(4,5,2),(6,3,1),(4,7,1),(3,8,-3),(4,7,2),(3,8,-2),(4,6,3),(6,3,2),(4,5,5),(6,2,3),(4,4,7),(3,7,2),(4,3,7),(3,6,2),(4,3,6),(6,1,3),(4,2,5),(6,1,2),(4,1,4)]]
tiles:[[(6,2,2),(4,4,3),(3,6,-1),(4,5,2),(6,3,1),(4,7,1),(3,8,-3),(4,7,2),(3,8,-2),(4,6,3),(6,3,2),(4,5,5),(3,7,0),(4,5,4)],[(3,5,1),(4,3,5),(6,2,2),(4,5,4),(3,7,0),(4,5,5),(6,2,3),(4,4,7),(3,7,2),(4,3,7),(3,6,2),(4,3,6),(6,1,3),(4,2,5)],[(3,4,0),(4,3,3),(6,2,1),(4,5,2),(3,6,-1),(4,4,3),(6,2,2),(4,3,5),(3,5,1),(4,2,5),(6,1,2),(4,1,4),(3,3,1),(4,2,3)]]
hidden:[(3,5,1),(3,6,-1),(3,7,0),(4,3,5),(4,4,3),(4,5,4),(6,2,2)]
indices:[0,2,6]
---[36]---
valence:4
tile_count:4
center:(4,5,4)
canonical_boundary:[[(3,4,0),(4,3,2),(6,2,1),(4,4,3),(3,6,-1),(4,5,3),(3,7,-1),(4,6,3),(6,3,1),(4,7,1),(3,8,-3),(4,8,1),(6,4,1),(4,9,2),(3,10,-3),(4,8,3),(6,4,2),(4,7,5),(3,10,-1),(4,7,6),(6,3,3),(4,6,5),(3,8,0),(4,5,5),(3,7,0),(4,4,5),(6,2,3),(4,3,7),(3,6,2),(4,2,7),(6,1,3),(4,1,6),(3,4,2),(4,2,5),(6,1,2),(4,3,3)]]
tiles:[[(6,4,2),(4,8,3),(3,9,-2),(4,7,3),(6,3,2),(4,5,4),(3,7,0),(4,5,5),(3,8,0),(4,6,5),(6,3,3),(4,7,6),(3,10,-1),(4,7,5)],[(3,8,-3),(4,7,1),(6,3,1),(4,6,3),(3,7,-1),(4,5,4),(6,3,2),(4,7,3),(3,9,-2),(4,8,3),(3,10,-3),(4,9,2),(6,4,1),(4,8,1)],[(3,4,0),(4,3,3),(6,1,2),(4,2,5),(3,5,1),(4,3,5),(6,2,2),(4,5,4),(3,7,-1),(4,5,3),(3,6,-1),(4,4,3),(6,2,1),(4,3,2)],[(3,4,2),(4,1,6),(6,1,3),(4,2,7),(3,6,2),(4,3,7),(6,2,3),(4,4,5),(3,7,0),(4,5,4),(6,2,2),(4,3,5),(3,5,1),(4,2,5)]]
hidden:[(3,5,1),(3,9,-2),(4,3,5),(4,5,4),(4,7,3),(6,2,2),(6,3,2)]
indices:[5,5,7,9]
---[37]---
valence:4
tile_count:4
center:(4,3,4)
canonical_boundary:[[(3,2,1),(4,1,2),(6,1,1),(4,2,3),(3,4,0),(4,3,3),(3,5,0),(4,4,3),(6,2,1),(4,5,1),(3,6,-2),(4,6,1),(6,3,1),(4,7,2),(3,8,-2),(4,6,3),(6,3,2),(4,5,5),(3,8,0),(4,5,6),(6,2,3),(4,4,5),(3,6,1),(4,3,5),(6,1,3),(4,2,7),(3,5,3),(4,1,7),(3,4,3),(4,1,6),(6,0,3),(4,0,5),(6,0,2),(4,1,3)]]
tiles:[[(6,1,2),(4,3,4),(3,5,1),(4,3,5),(6,1,3),(4,2,7),(3,5,3),(4,1,7),(3,4,3),(4,1,6),(6,0,3),(4,0,5),(3,3,2),(4,1,5)],[(3,5,0),(4,3,4),(6,1,2),(4,1,5),(3,3,2),(4,0,5),(6,0,2),(4,1,3),(3,2,1),(4,1,2),(6,1,1),(4,2,3),(3,4,0),(4,3,3)],[(3,8,-2),(4,6,3),(3,7,-1),(4,5,3),(6,2,2),(4,3,4),(3,5,0),(4,4,3),(6,2,1),(4,5,1),(3,6,-2),(4,6,1),(6,3,1),(4,7,2)],[(3,8,0),(4,5,6),(6,2,3),(4,4,5),(3,6,1),(4,3,5),(3,5,1),(4,3,4),(6,2,2),(4,5,3),(3,7,-1),(4,6,3),(6,3,2),(4,5,5)]]
hidden:[(3,3,2),(3,5,1),(3,7,-1),(4,1,5),(4,3,4),(4,5,3),(6,1,2),(6,2,2)]
indices:[1,1,5,7]
---[38]---
valence:4
tile_count:4
center:(4,3,4)
canonical_boundary:[[(3,2,1),(4,1,2),(6,1,1),(4,3,1),(3,4,-1),(4,4,1),(6,2,1),(4,3,3),(3,5,0),(4,4,3),(3,6,-1),(4,5,3),(6,3,1),(4,7,2),(3,8,-2),(4,6,3),(6,3,2),(4,5,5),(3,8,0),(4,5,6),(6,2,3),(4,3,7),(3,6,2),(4,2,7),(6,1,3),(4,1,6),(3,4,3),(4,0,7),(6,0,3),(4,1,5),(3,3,2),(4,1,4),(3,3,1),(4,1,3)]]
tiles:[[(6,1,3),(4,3,5),(3,5,1),(4,3,4),(6,1,2),(4,2,3),(3,3,1),(4,1,4),(3,3,2),(4,1,5),(6,0,3),(4,0,7),(3,4,3),(4,1,6)],[(3,7,0),(4,4,5),(6,2,2),(4,3,4),(3,5,1),(4,3,5),(6,1,3),(4,2,7),(3,6,2),(4,3,7),(6,2,3),(4,5,6),(3,8,0),(4,5,5)],[(3,8,-2),(4,7,2),(6,3,1),(4,5,3),(3,6,-1),(4,4,3),(3,5,0),(4,3,4),(6,2,2),(4,4,5),(3,7,0),(4,5,5),(6,3,2),(4,6,3)],[(3,4,-1),(4,3,1),(6,1,1),(4,1,2),(3,2,1),(4,1,3),(3,3,1),(4,2,3),(6,1,2),(4,3,4),(3,5,0),(4,3,3),(6,2,1),(4,4,1)]]
hidden:[(3,5,1),(3,7,0),(4,2,3),(4,3,4),(4,3,5),(4,4,5),(6,1,2),(6,2,2)]
indices:[3,3,7,9]
---[39]---
valence:4
tile_count:4
center:(4,3,4)
canonical_boundary:[[(3,2,1),(4,1,2),(6,1,1),(4,2,3),(3,4,0),(4,3,3),(6,2,1),(4,4,1),(3,5,-2),(4,5,1),(3,6,-2),(4,5,2),(6,3,1),(4,6,3),(6,3,2),(4,5,5),(3,8,0),(4,5,6),(6,2,3),(4,4,5),(3,6,1),(4,3,5),(6,1,3),(4,2,7),(3,5,3),(4,1,7),(3,4,3),(4,1,6),(6,0,3),(4,0,5),(6,0,2),(4,1,3)]]
tiles:[[(6,2,2),(4,3,4),(3,5,0),(4,3,3),(6,2,1),(4,4,1),(3,5,-2),(4,5,1),(3,6,-2),(4,5,2),(6,3,1),(4,6,3),(3,7,-1),(4,5,3)],[(3,5,1),(4,3,4),(6,2,2),(4,5,3),(3,7,-1),(4,6,3),(6,3,2),(4,5,5),(3,8,0),(4,5,6),(6,2,3),(4,4,5),(3,6,1),(4,3,5)],[(3,3,2),(4,1,5),(6,1,2),(4,3,4),(3,5,1),(4,3,5),(6,1,3),(4,2,7),(3,5,3),(4,1,7),(3,4,3),(4,1,6),(6,0,3),(4,0,5)],[(3,2,1),(4,1,2),(6,1,1),(4,2,3),(3,4,0),(4,3,3),(3,5,0),(4,3,4),(6,1,2),(4,1,5),(3,3,2),(4,0,5),(6,0,2),(4,1,3)]]
hidden:[(3,3,2),(3,5,0),(3,5,1),(3,7,-1),(4,1,5),(4,3,4),(4,5,3),(6,1,2),(6,2,2)]
indices:[1,1,3,7]
---[40]---
valence:4
tile_count:4
center:(4,3,4)
canonical_boundary:[[(3,2,1),(4,1,2),(6,1,1),(4,3,1),(3,4,-1),(4,4,1),(6,2,1),(4,5,2),(3,6,-2),(4,6,1),(6,3,1),(4,5,3),(3,7,-1),(4,5,4),(3,7,0),(4,5,5),(3,8,0),(4,5,6),(6,2,3),(4,3,7),(3,6,2),(4,2,7),(6,1,3),(4,1,6),(3,4,3),(4,0,7),(6,0,3),(4,1,5),(3,3,2),(4,1,4),(3,3,1),(4,1,3)]]
tiles:[[(6,1,3),(4,3,5),(3,5,1),(4,3,4),(6,1,2),(4,2,3),(3,3,1),(4,1,4),(3,3,2),(4,1,5),(6,0,3),(4,0,7),(3,4,3),(4,1,6)],[(3,7,0),(4,4,5),(6,2,2),(4,3,4),(3,5,1),(4,3,5),(6,1,3),(4,2,7),(3,6,2),(4,3,7),(6,2,3),(4,5,6),(3,8,0),(4,5,5)],[(3,6,-2),(4,5,2),(6,2,1),(4,3,3),(3,5,0),(4,3,4),(6,2,2),(4,4,5),(3,7,0),(4,5,4),(3,7,-1),(4,5,3),(6,3,1),(4,6,1)],[(3,4,-1),(4,3,1),(6,1,1),(4,1,2),(3,2,1),(4,1,3),(3,3,1),(4,2,3),(6,1,2),(4,3,4),(3,5,0),(4,3,3),(6,2,1),(4,4,1)]]
hidden:[(3,5,0),(3,5,1),(4,2,3),(4,3,3),(4,3,4),(4,3,5),(4,4,5),(6,1,2),(6,2,2)]
indices:[3,3,5,9]
---[41]---
valence:4
tile_count:4
center:(4,4,3)
canonical_boundary:[[(3,3,1),(4,1,3),(6,1,1),(4,3,2),(3,4,-1),(4,4,1),(3,5,-2),(4,5,0),(6,3,0),(4,6,1),(3,7,-3),(4,7,1),(3,8,-3),(4,7,2),(6,3,1),(4,5,3),(3,7,-1),(4,5,4),(6,3,2),(4,6,5),(3,8,0),(4,5,5),(6,2,3),(4,3,6),(3,6,2),(4,2,7),(6,1,3),(4,1,6),(3,4,2),(4,1,5),(6,1,2),(4,2,3)]]
tiles:[[(6,1,2),(4,3,4),(3,5,0),(4,4,3),(6,2,1),(4,5,1),(3,5,-2),(4,4,1),(3,4,-1),(4,3,2),(6,1,1),(4,1,3),(3,3,1),(4,2,3)],[(3,6,1),(4,3,5),(6,2,2),(4,4,3),(3,5,0),(4,3,4),(6,1,2),(4,1,5),(3,4,2),(4,1,6),(6,1,3),(4,2,7),(3,6,2),(4,3,6)],[(3,8,0),(4,6,5),(6,3,2),(4,5,4),(3,7,-1),(4,5,3),(3,6,-1),(4,4,3),(6,2,2),(4,3,5),(3,6,1),(4,3,6),(6,2,3),(4,5,5)],[(3,8,-3),(4,7,1),(3,7,-3),(4,6,1),(6,3,0),(4,5,0),(3,5,-2),(4,5,1),(6,2,1),(4,4,3),(3,6,-1),(4,5,3),(6,3,1),(4,7,2)]]
hidden:[(3,5,0),(3,6,-1),(3,6,1),(4,3,4),(4,3,5),(4,4,3),(4,5,1),(6,2,1),(6,2,2)]
indices:[3,3,7,9]
---[42]---
valence:4
tile_count:4
center:(4,3,2)
canonical_boundary:[[(3,1,0),(4,1,0),(6,1,0),(4,2,1),(3,3,-1),(4,3,1),(3,4,-1),(4,4,1),(3,5,-2),(4,5,1),(6,3,0),(4,7,0),(3,7,-3),(4,6,1),(6,3,1),(4,5,3),(3,7,-1),(4,5,4),(6,2,2),(4,3,5),(3,5,1),(4,2,5),(3,4,2),(4,1,5),(3,3,2),(4,1,4),(6,0,2),(4,0,3),(6,0,1),(4,1,1)]]
tiles:[[(6,1,1),(4,3,2),(3,4,0),(4,3,3),(6,1,2),(4,2,5),(3,4,2),(4,1,5),(3,3,2),(4,1,4),(6,0,2),(4,0,3),(3,2,1),(4,1,3)],[(3,4,-1),(4,3,2),(6,1,1),(4,1,3),(3,2,1),(4,0,3),(6,0,1),(4,1,1),(3,1,0),(4,1,0),(6,1,0),(4,2,1),(3,3,-1),(4,3,1)],[(3,7,-3),(4,6,1),(6,3,1),(4,5,3),(3,6,-1),(4,4,3),(6,2,1),(4,3,2),(3,4,-1),(4,4,1),(3,5,-2),(4,5,1),(6,3,0),(4,7,0)],[(3,7,-1),(4,5,4),(6,2,2),(4,3,5),(3,5,1),(4,2,5),(6,1,2),(4,3,3),(3,4,0),(4,3,2),(6,2,1),(4,4,3),(3,6,-1),(4,5,3)]]
hidden:[(3,2,1),(3,4,0),(3,6,-1),(4,1,3),(4,3,2),(4,3,3),(4,4,3),(6,1,1),(6,1,2),(6,2,1)]
indices:[1,1,7,9]
---[43]---
valence:4
tile_count:4
center:(4,3,4)
canonical_boundary:[[(3,2,1),(4,1,2),(6,1,1),(4,2,3),(3,4,0),(4,3,3),(6,2,1),(4,5,2),(3,6,-2),(4,6,1),(6,3,1),(4,5,3),(3,7,-1),(4,5,4),(3,7,0),(4,5,5),(3,8,0),(4,5,6),(6,2,3),(4,3,7),(3,6,2),(4,2,7),(3,5,3),(4,1,7),(3,4,3),(4,1,6),(6,0,3),(4,0,5),(6,0,2),(4,1,3)]]
tiles:[[(6,2,1),(4,3,3),(3,5,0),(4,3,4),(6,2,2),(4,4,5),(3,7,0),(4,5,4),(3,7,-1),(4,5,3),(6,3,1),(4,6,1),(3,6,-2),(4,5,2)],[(3,3,2),(4,1,5),(6,1,2),(4,3,4),(3,5,0),(4,3,3),(3,4,0),(4,2,3),(6,1,1),(4,1,2),(3,2,1),(4,1,3),(6,0,2),(4,0,5)],[(3,5,3),(4,2,7),(6,1,3),(4,3,5),(3,5,1),(4,3,4),(6,1,2),(4,1,5),(3,3,2),(4,0,5),(6,0,3),(4,1,6),(3,4,3),(4,1,7)],[(3,6,2),(4,3,7),(6,2,3),(4,5,6),(3,8,0),(4,5,5),(3,7,0),(4,4,5),(6,2,2),(4,3,4),(3,5,1),(4,3,5),(6,1,3),(4,2,7)]]
hidden:[(3,3,2),(3,5,0),(3,5,1),(4,1,5),(4,3,4),(4,3,5),(4,4,5),(6,1,2),(6,1,3),(6,2,2)]
indices:[3,3,5,9]
---[44]---
valence:4
tile_count:4
center:(4,4,3)
canonical_boundary:[[(3,3,1),(4,1,3),(6,1,1),(4,3,2),(3,4,-1),(4,4,1),(3,5,-2),(4,5,0),(6,3,0),(4,6,1),(3,7,-3),(4,7,1),(3,8,-3),(4,7,2),(3,8,-2),(4,7,3),(6,3,2),(4,6,5),(3,8,0),(4,5,5),(6,2,3),(4,3,6),(3,6,2),(4,2,7),(6,1,3),(4,3,5),(3,5,1),(4,3,4),(6,1,2),(4,2,3)]]
tiles:[[(6,1,2),(4,3,4),(3,5,0),(4,4,3),(6,2,1),(4,5,1),(3,5,-2),(4,4,1),(3,4,-1),(4,3,2),(6,1,1),(4,1,3),(3,3,1),(4,2,3)],[(3,7,0),(4,5,4),(6,2,2),(4,4,3),(3,5,0),(4,3,4),(3,5,1),(4,3,5),(6,1,3),(4,2,7),(3,6,2),(4,3,6),(6,2,3),(4,5,5)],[(3,8,-2),(4,7,2),(6,3,1),(4,5,3),(3,6,-1),(4,4,3),(6,2,2),(4,5,4),(3,7,0),(4,5,5),(3,8,0),(4,6,5),(6,3,2),(4,7,3)],[(3,8,-3),(4,7,1),(3,7,-3),(4,6,1),(6,3,0),(4,5,0),(3,5,-2),(4,5,1),(6,2,1),(4,4,3),(3,6,-1),(4,5,3),(6,3,1),(4,7,2)]]
hidden:[(3,5,0),(3,6,-1),(3,7,0),(4,4,3),(4,5,1),(4,5,3),(4,5,4),(6,2,1),(6,2,2),(6,3,1)]
indices:[3,3,5,9]
